##FastQC	0.11.7
>>Basic Statistics	pass
#Measure	Value
Filename	218_L8_1.fq.gz
File type	Conventional base calls
Encoding	Sanger / Illumina 1.9
Total Sequences	2000000
Sequences flagged as poor quality	0
Sequence length	100
%GC	49
>>END_MODULE
>>Per base sequence quality	pass
#Base	Mean	Median	Lower Quartile	Upper Quartile	10th Percentile	90th Percentile
1	31.2106525	32.0	32.0	32.0	32.0	32.0
2	31.647699	32.0	32.0	32.0	32.0	32.0
3	35.667796	37.0	37.0	37.0	32.0	37.0
4	36.1113965	37.0	37.0	37.0	32.0	37.0
5	36.384337	37.0	37.0	37.0	37.0	37.0
6	40.4076925	42.0	42.0	42.0	37.0	42.0
7	40.518945	42.0	42.0	42.0	37.0	42.0
8	40.7703905	42.0	42.0	42.0	37.0	42.0
9	40.844144	42.0	42.0	42.0	37.0	42.0
10-11	40.863181749999995	42.0	42.0	42.0	37.0	42.0
12-13	40.87555025	42.0	42.0	42.0	37.0	42.0
14-15	40.8669895	42.0	42.0	42.0	37.0	42.0
16-17	40.82116675	42.0	42.0	42.0	37.0	42.0
18-19	40.799220250000005	42.0	42.0	42.0	37.0	42.0
20-21	40.7781195	42.0	42.0	42.0	37.0	42.0
22-23	40.77512325	42.0	42.0	42.0	37.0	42.0
24-25	40.730515749999995	42.0	42.0	42.0	37.0	42.0
26-27	40.654948250000004	42.0	42.0	42.0	37.0	42.0
28-29	40.62161125	42.0	42.0	42.0	37.0	42.0
30-31	40.591194	42.0	42.0	42.0	37.0	42.0
32-33	40.57954025	42.0	42.0	42.0	37.0	42.0
34-35	40.5471765	42.0	42.0	42.0	37.0	42.0
36-37	40.526063750000006	42.0	42.0	42.0	37.0	42.0
38-39	40.4867175	42.0	42.0	42.0	37.0	42.0
40-41	40.45624175	42.0	42.0	42.0	37.0	42.0
42-43	40.44724075	42.0	42.0	42.0	37.0	42.0
44-45	40.43640775	42.0	42.0	42.0	37.0	42.0
46-47	40.3805235	42.0	42.0	42.0	37.0	42.0
48-49	40.346042499999996	42.0	42.0	42.0	37.0	42.0
50-51	40.33055925	42.0	42.0	42.0	37.0	42.0
52-53	40.28004	42.0	42.0	42.0	37.0	42.0
54-55	40.2766825	42.0	42.0	42.0	37.0	42.0
56-57	40.241766999999996	42.0	42.0	42.0	37.0	42.0
58-59	40.1887	42.0	42.0	42.0	37.0	42.0
60-61	40.122279500000005	42.0	42.0	42.0	37.0	42.0
62-63	40.123998	42.0	42.0	42.0	37.0	42.0
64-65	40.094601749999995	42.0	42.0	42.0	37.0	42.0
66-67	40.01020525	42.0	42.0	42.0	37.0	42.0
68-69	39.91241025	42.0	42.0	42.0	37.0	42.0
70-71	39.90193	42.0	42.0	42.0	37.0	42.0
72-73	39.82853325	42.0	42.0	42.0	37.0	42.0
74-75	39.7862675	42.0	42.0	42.0	37.0	42.0
76-77	39.14515825	42.0	39.5	42.0	32.0	42.0
78-79	39.38872725	42.0	39.5	42.0	32.0	42.0
80-81	39.74811875	42.0	42.0	42.0	34.5	42.0
82-83	39.641129	42.0	42.0	42.0	32.0	42.0
84-85	39.767419000000004	42.0	42.0	42.0	37.0	42.0
86-87	39.753365	42.0	42.0	42.0	37.0	42.0
88-89	39.7229085	42.0	42.0	42.0	34.5	42.0
90-91	39.67295275	42.0	42.0	42.0	32.0	42.0
92-93	39.57287375	42.0	42.0	42.0	32.0	42.0
94-95	39.644825499999996	42.0	42.0	42.0	32.0	42.0
96-97	39.57541	42.0	42.0	42.0	32.0	42.0
98-99	39.518542749999995	42.0	42.0	42.0	32.0	42.0
100	39.491039	42.0	42.0	42.0	32.0	42.0
>>END_MODULE
>>Per tile sequence quality	pass
#Tile	Base	Mean
1101	1	8.466336471570912E-4
1101	2	0.026814069488292347
1101	3	-0.015418326442173225
1101	4	-0.013764225995899437
1101	5	-0.01135794324035544
1101	6	-0.02678638513284426
1101	7	-0.02601002508389172
1101	8	-0.01499960161478242
1101	9	-0.04633995360612886
1101	10-11	-0.09446051517115706
1101	12-13	-0.04555393943815744
1101	14-15	-0.06130166530397929
1101	16-17	-0.15640603572585832
1101	18-19	-0.20660550678516643
1101	20-21	-0.21092482701575221
1101	22-23	-0.1639812999202377
1101	24-25	-0.13320494413585493
1101	26-27	-0.15137393852915437
1101	28-29	-0.13820094340598388
1101	30-31	-0.1987766511651472
1101	32-33	-0.17371698493143128
1101	34-35	-0.11614988573243323
1101	36-37	-0.151101347032494
1101	38-39	-0.15175516177408355
1101	40-41	-0.3129704724494502
1101	42-43	-0.26231119781934353
1101	44-45	-0.20079830547724953
1101	46-47	-0.17916256777124318
1101	48-49	-0.12596831879880455
1101	50-51	-0.12382057782292577
1101	52-53	-0.22671051965706823
1101	54-55	-0.21820931475102157
1101	56-57	-0.3114512811491821
1101	58-59	-0.37911739355430996
1101	60-61	-0.22991566504055072
1101	62-63	-0.27529132550417046
1101	64-65	-0.4066194277567021
1101	66-67	-0.5096363056448965
1101	68-69	-0.8048115099743711
1101	70-71	-0.8838134436054546
1101	72-73	-0.8486099008788486
1101	74-75	-0.8079103734865356
1101	76-77	-1.1586466152107135
1101	78-79	-1.2218080244269132
1101	80-81	-1.0068583724700702
1101	82-83	-1.001524315497491
1101	84-85	-0.616454110547437
1101	86-87	-1.004939255385949
1101	88-89	-0.7872265984885303
1101	90-91	-1.1043348356766884
1101	92-93	-1.1434410128022776
1101	94-95	-0.810831782798715
1101	96-97	-0.6272163961809838
1101	98-99	-1.0740728919104612
1101	100	-0.8163380196963317
1102	1	-0.03521629185220121
1102	2	-0.07650331874719285
1102	3	-0.04522377878068795
1102	4	0.00205008852640276
1102	5	0.04733925704604047
1102	6	0.01759060298722659
1102	7	0.05270794769172937
1102	8	-0.1108474991628583
1102	9	-0.05566873813294393
1102	10-11	-0.022124903517166672
1102	12-13	-0.04843001984552586
1102	14-15	-0.03027385928560733
1102	16-17	-0.05642529198905066
1102	18-19	-0.0019928081321012314
1102	20-21	-0.046529770053879815
1102	22-23	-0.07409603025838152
1102	24-25	-0.11813720235511482
1102	26-27	-0.1482930809116354
1102	28-29	-0.06987945506669746
1102	30-31	-0.10278498507805978
1102	32-33	-0.15061344107900254
1102	34-35	-0.04388281571495867
1102	36-37	0.013863739631609917
1102	38-39	-0.0890604999621658
1102	40-41	-0.0049693329359143945
1102	42-43	0.012463309315684512
1102	44-45	-0.06535085471814739
1102	46-47	-0.045003475652194425
1102	48-49	-0.1292028315710425
1102	50-51	-0.06561154002407932
1102	52-53	-0.06739006441934947
1102	54-55	-0.18113636501324493
1102	56-57	-0.07674140916913785
1102	58-59	-0.19036680490090419
1102	60-61	-0.2040338216256643
1102	62-63	-0.04830701044820529
1102	64-65	-0.024666023867808917
1102	66-67	-0.14782411499498238
1102	68-69	-0.20127400566443043
1102	70-71	-0.12190905922052053
1102	72-73	-0.1517393438754624
1102	74-75	-0.21268465199959508
1102	76-77	-0.3330353452522843
1102	78-79	-0.2774958949462203
1102	80-81	-0.4286643228962177
1102	82-83	-0.33570236204736403
1102	84-85	-0.38409804300710704
1102	86-87	-0.3434938777657095
1102	88-89	-0.4285035690573622
1102	90-91	-0.2736379117916883
1102	92-93	-0.289995342597301
1102	94-95	-0.358711831017402
1102	96-97	-0.3107605465828982
1102	98-99	-0.377427341308163
1102	100	-0.524727919306244
1103	1	-0.048138433516722756
1103	2	-0.024674901750167066
1103	3	0.07955843831059184
1103	4	0.0787352429461805
1103	5	-0.0467470987497407
1103	6	-0.08190710280802449
1103	7	0.027513412114060998
1103	8	-0.01940651227132406
1103	9	-0.053243681237233886
1103	10-11	-0.0353070350981568
1103	12-13	-0.0028495837001543123
1103	14-15	0.019423330473813394
1103	16-17	-0.05000474235541219
1103	18-19	-0.02226808008207115
1103	20-21	-0.034242885750217056
1103	22-23	-0.09336766273255392
1103	24-25	-0.10053995597289145
1103	26-27	-0.03539796038121068
1103	28-29	-0.12212861233665961
1103	30-31	-0.0974656958563358
1103	32-33	0.007588716431719433
1103	34-35	-0.01814320854521867
1103	36-37	-0.04830294547728187
1103	38-39	-0.09563497949133648
1103	40-41	-0.1671992722598219
1103	42-43	-0.2090630501626478
1103	44-45	-0.2091448780829097
1103	46-47	-0.24438980962187884
1103	48-49	-0.16670181846384935
1103	50-51	-0.17755724497872905
1103	52-53	-0.26829884697553297
1103	54-55	-0.21782935443751228
1103	56-57	-0.18809451862252757
1103	58-59	-0.10620746319203533
1103	60-61	-0.09767994632223775
1103	62-63	-0.10966841782016701
1103	64-65	-0.19945288894258795
1103	66-67	-0.1895523405946804
1103	68-69	-0.15684381183724838
1103	70-71	-0.13005542023308436
1103	72-73	-0.06381660279497936
1103	74-75	-0.09462107698815458
1103	76-77	-0.08211730287013097
1103	78-79	-0.08628486261341806
1103	80-81	-0.10524511437895967
1103	82-83	-0.05728492237092553
1103	84-85	-0.09681637335975779
1103	86-87	-0.036989545194551
1103	88-89	-0.13038927761735408
1103	90-91	-0.051459722591566504
1103	92-93	0.02613963526366092
1103	94-95	-0.021425510297561345
1103	96-97	-0.10176637323965565
1103	98-99	-0.13786994115839946
1103	100	-0.010196534983052175
1104	1	0.010968995193533004
1104	2	-0.03310861654778563
1104	3	-0.09075646172581031
1104	4	-0.11985421575151634
1104	5	0.06808597480508638
1104	6	0.008734553698815262
1104	7	-0.1329244087781305
1104	8	-0.022193138652234268
1104	9	-0.014100494244459583
1104	10-11	-0.06065586372046994
1104	12-13	-0.04228665266957421
1104	14-15	-0.006792400616703276
1104	16-17	-0.1942323108449031
1104	18-19	-0.026601443217913356
1104	20-21	-0.08619791673447708
1104	22-23	-0.11233926523073734
1104	24-25	-0.020915178381464727
1104	26-27	-0.10092102171534378
1104	28-29	-0.03199600701350391
1104	30-31	-0.12492861355863027
1104	32-33	-0.0640871334329205
1104	34-35	-0.05567219514393429
1104	36-37	-0.055366978978717896
1104	38-39	-0.049272915276638685
1104	40-41	0.0011243821912572116
1104	42-43	-0.0013538042830560926
1104	44-45	0.03998231770407301
1104	46-47	0.006645294130663615
1104	48-49	-0.01365112590794837
1104	50-51	0.032800246159212065
1104	52-53	-0.06018401886630187
1104	54-55	-0.04064484835450344
1104	56-57	-0.04273834031915413
1104	58-59	-0.012195290636249467
1104	60-61	-0.04488917221375743
1104	62-63	-0.04363106691988605
1104	64-65	-0.07739674621412007
1104	66-67	0.03280275929953547
1104	68-69	0.041394195621087704
1104	70-71	-0.03238275196636664
1104	72-73	0.005642962815919361
1104	74-75	-0.06744366670218227
1104	76-77	-0.08061684576053096
1104	78-79	-0.024685542838248864
1104	80-81	0.06849512097402766
1104	82-83	0.03824979134324735
1104	84-85	0.05886010045167467
1104	86-87	-0.0020922914262158088
1104	88-89	0.08749214710458375
1104	90-91	0.03343327008587238
1104	92-93	0.14298473664293
1104	94-95	-0.03371139515149224
1104	96-97	0.06769126644037726
1104	98-99	0.26587355395092516
1104	100	0.29559766664704057
1105	1	0.026812714332365317
1105	2	0.028725102063308583
1105	3	0.049970661859887855
1105	4	0.02282078513284347
1105	5	0.02281792528241766
1105	6	0.053625776476245335
1105	7	0.051727309960632795
1105	8	0.006766320668170067
1105	9	0.043637159921352975
1105	10-11	0.05464495583503037
1105	12-13	0.08621462930489088
1105	14-15	-0.055201615190291875
1105	16-17	0.029212116255664
1105	18-19	0.04065306697173554
1105	20-21	0.030883033393358517
1105	22-23	-0.01505747005119673
1105	24-25	0.018028950790238696
1105	26-27	-0.016416080826786583
1105	28-29	-0.06053029505371654
1105	30-31	-0.0820160998039654
1105	32-33	0.01734610020086791
1105	34-35	0.013835762597771861
1105	36-37	-0.001397056939204333
1105	38-39	0.0069738648898436395
1105	40-41	-0.025624896161637878
1105	42-43	-0.02539457119452493
1105	44-45	0.0030348539218749693
1105	46-47	-0.030108941403057088
1105	48-49	-0.01750530861018973
1105	50-51	-0.15911238796122973
1105	52-53	-0.044194394305847595
1105	54-55	0.044552446598075335
1105	56-57	0.04088585760482033
1105	58-59	0.009594518754255432
1105	60-61	0.061974905015532045
1105	62-63	0.05564525846279622
1105	64-65	-0.060512157368968644
1105	66-67	-0.006481613961533128
1105	68-69	0.05481228186344822
1105	70-71	0.030935863345810333
1105	72-73	0.1401907560995852
1105	74-75	0.0392539302293784
1105	76-77	-0.07995939801694618
1105	78-79	0.011607434318428034
1105	80-81	0.10410531875627527
1105	82-83	-0.03895668486177328
1105	84-85	0.09386042415571438
1105	86-87	0.10151851123170275
1105	88-89	0.06084711356704986
1105	90-91	-0.027357403865458707
1105	92-93	0.013902096646624784
1105	94-95	0.052298503401218
1105	96-97	0.05074302273394693
1105	98-99	-0.14221610679511798
1105	100	0.03873356555750007
1106	1	-0.09644623108758665
1106	2	-0.1279353050331622
1106	3	-0.10864994081421742
1106	4	-0.16374827130722025
1106	5	-0.0868942827811523
1106	6	-0.19255489667769865
1106	7	-0.17550256431169942
1106	8	-0.16854549207020142
1106	9	-0.07306589506962524
1106	10-11	-0.013091563777429371
1106	12-13	0.007201411834813598
1106	14-15	-0.059364715261708056
1106	16-17	-0.13249547114103422
1106	18-19	-0.11486416982917547
1106	20-21	-0.03469140835611739
1106	22-23	-0.0561074264268413
1106	24-25	-0.15943439367562462
1106	26-27	-0.047000652778329766
1106	28-29	-0.0537647813219948
1106	30-31	0.02505441370865924
1106	32-33	-0.037746415857398574
1106	34-35	-0.18338089085435172
1106	36-37	-0.13434823958314013
1106	38-39	-0.18054907333974057
1106	40-41	-0.13978064528409107
1106	42-43	-0.12809613330843206
1106	44-45	-0.07086556934980592
1106	46-47	-0.023589708417297572
1106	48-49	-0.12273960599024036
1106	50-51	-0.23083514664355675
1106	52-53	-0.1736352534131953
1106	54-55	-0.04504715411076887
1106	56-57	-0.02324648864225054
1106	58-59	-0.061566375699918297
1106	60-61	-0.10301934470793839
1106	62-63	-0.2279766990433174
1106	64-65	-0.21090420017949185
1106	66-67	-0.2216582222253365
1106	68-69	-0.22052767997314504
1106	70-71	-0.07859407054651513
1106	72-73	-0.039517683560347905
1106	74-75	-0.05775219526171327
1106	76-77	-0.1723247497009126
1106	78-79	-0.07576772006775201
1106	80-81	-0.03198970536699619
1106	82-83	-0.1536076928235275
1106	84-85	-0.06782261614839769
1106	86-87	-0.04879435396480858
1106	88-89	0.04510833500623335
1106	90-91	2.7786816595920527E-4
1106	92-93	0.045563547579575925
1106	94-95	-0.03971475515721323
1106	96-97	-0.05172303262759215
1106	98-99	-0.1328024137937973
1106	100	-0.1010436517796478
1107	1	-0.02567873199948778
1107	2	0.022739921678585517
1107	3	-0.10746644024438723
1107	4	0.006844542831544231
1107	5	-0.029168147347405693
1107	6	0.09717807379600885
1107	7	-0.041752743984382334
1107	8	0.01468896695163835
1107	9	0.027510453646925725
1107	10-11	0.06255255220828104
1107	12-13	-0.008021699461757237
1107	14-15	0.020943292898138566
1107	16-17	0.1302949217282574
1107	18-19	0.11516365024366593
1107	20-21	0.1863599791001178
1107	22-23	0.13502382668911395
1107	24-25	0.14002264486322247
1107	26-27	0.14094414993093096
1107	28-29	0.16043183994007393
1107	30-31	0.1503403336397966
1107	32-33	0.1836974242630447
1107	34-35	0.1750829598118031
1107	36-37	0.18469356368449752
1107	38-39	0.1885772322664181
1107	40-41	0.17127719823258047
1107	42-43	0.11006372222551875
1107	44-45	0.07406063794564943
1107	46-47	0.043368628443190005
1107	48-49	-0.04884839919171924
1107	50-51	-0.09276676301696796
1107	52-53	0.07989699554068608
1107	54-55	-0.060423203607378184
1107	56-57	0.01726562216239813
1107	58-59	0.008219766100751258
1107	60-61	0.09200138460217744
1107	62-63	0.06902481893761347
1107	64-65	-0.02311034646986343
1107	66-67	0.06009202253840584
1107	68-69	0.07932478582126379
1107	70-71	0.10331600462831858
1107	72-73	-0.031348884728700455
1107	74-75	-0.01438447675744925
1107	76-77	0.07098411425715057
1107	78-79	-0.04989214587953228
1107	80-81	0.02523209408874294
1107	82-83	-0.042868721816276434
1107	84-85	-0.013775304269096011
1107	86-87	-0.08066055253578241
1107	88-89	-0.06041057812708317
1107	90-91	0.09126838903661394
1107	92-93	0.07305879136455928
1107	94-95	0.1045590312408251
1107	96-97	0.24725065783941602
1107	98-99	0.1342136301389445
1107	100	0.1302968563785427
1108	1	0.062790807254828
1108	2	0.11412857046677871
1108	3	0.13731022490161848
1108	4	0.056210721678070286
1108	5	0.026634707038105887
1108	6	0.08833290479567069
1108	7	0.09215866033634512
1108	8	0.13217349386797395
1108	9	0.09754679366325547
1108	10-11	0.05789114860044009
1108	12-13	0.09047824231473811
1108	14-15	0.09576706270695468
1108	16-17	0.18518366224144955
1108	18-19	0.10006157316059472
1108	20-21	0.1729509683576822
1108	22-23	0.13597782532743707
1108	24-25	0.08961507662598933
1108	26-27	0.14376855484524498
1108	28-29	0.18868717862059015
1108	30-31	0.10483332962161285
1108	32-33	0.07954588371246984
1108	34-35	0.1498507127972104
1108	36-37	0.06376872170657322
1108	38-39	0.15946477949799487
1108	40-41	0.22182736126722347
1108	42-43	0.2578135182098862
1108	44-45	0.27258436999613167
1108	46-47	0.1988687815022132
1108	48-49	0.21522509345995644
1108	50-51	0.14092636818656956
1108	52-53	0.17525513902552348
1108	54-55	0.20142529396521525
1108	56-57	0.16030251580716737
1108	58-59	0.15770446545359107
1108	60-61	0.021796117020706163
1108	62-63	0.1175814409081326
1108	64-65	0.12477533661348872
1108	66-67	0.20891172345792342
1108	68-69	0.24546026936552323
1108	70-71	0.13196486635978033
1108	72-73	0.16269205574992895
1108	74-75	0.24367294463583278
1108	76-77	0.2849826090348273
1108	78-79	0.312335598758267
1108	80-81	0.23991327433653709
1108	82-83	0.21342069028750643
1108	84-85	0.25874220457400554
1108	86-87	0.3223230624608391
1108	88-89	0.2885140275531697
1108	90-91	0.3084862660154002
1108	92-93	0.28166999402232307
1108	94-95	0.31255185638833893
1108	96-97	0.2566751448841842
1108	98-99	0.32304244419390216
1108	100	0.1985869807220837
1109	1	-0.021741464495207197
1109	2	-0.023778676472748117
1109	3	-0.038277836014906086
1109	4	-0.005241544590028013
1109	5	0.040628096725470186
1109	6	0.034758934161274624
1109	7	0.15945985054229794
1109	8	0.03837979421456339
1109	9	0.10374487019820577
1109	10-11	0.06891952831924897
1109	12-13	0.001027616399596809
1109	14-15	-0.020490373633379022
1109	16-17	0.029909080887470907
1109	18-19	-0.05877169178870645
1109	20-21	0.012172294368980374
1109	22-23	-0.004965421831947481
1109	24-25	-0.020514869996290486
1109	26-27	-0.031785503937065585
1109	28-29	-0.06713591272992403
1109	30-31	-0.10974581501368164
1109	32-33	-0.1436559328242808
1109	34-35	-0.07046558171475681
1109	36-37	-0.11404695346254101
1109	38-39	-0.14829766000012512
1109	40-41	-0.0829820889032149
1109	42-43	-0.08405553649151898
1109	44-45	0.019764512604282913
1109	46-47	-1.2387061043739322E-4
1109	48-49	0.03986544460745023
1109	50-51	0.11144033277615506
1109	52-53	-0.002942017474403258
1109	54-55	-0.07089952064971072
1109	56-57	0.03798133806824211
1109	58-59	0.035209200083158976
1109	60-61	0.1564643197459077
1109	62-63	0.03450223763564253
1109	64-65	-0.05149636380398448
1109	66-67	-0.005372422547530675
1109	68-69	0.04478890108936184
1109	70-71	-0.062465121527012
1109	72-73	0.007922991921240907
1109	74-75	-0.029071393470438522
1109	76-77	0.07731765406461477
1109	78-79	-0.06451760634035253
1109	80-81	-0.05061598689498936
1109	82-83	-0.28091703953579383
1109	84-85	-0.23197347688130066
1109	86-87	-0.08823167843815583
1109	88-89	-0.03699591794892143
1109	90-91	-0.15162525871195243
1109	92-93	-0.18833319703023932
1109	94-95	0.11300203294004518
1109	96-97	-0.05162620343964619
1109	98-99	0.04525950005648838
1109	100	-0.0014897990971576291
1110	1	0.05682477820098342
1110	2	0.06603548557101746
1110	3	0.04086283413217018
1110	4	0.04288062960597472
1110	5	-0.001650989344234688
1110	6	0.12159557423912304
1110	7	0.06594270740011865
1110	8	0.11149326487287681
1110	9	0.08157720677283464
1110	10-11	0.07283774867932635
1110	12-13	0.0663662668729188
1110	14-15	0.13188105803904904
1110	16-17	0.12485332998351595
1110	18-19	0.04313600834750986
1110	20-21	0.0597954247281578
1110	22-23	0.10362661881855217
1110	24-25	0.14581038339599672
1110	26-27	0.16277476330628105
1110	28-29	0.10497961282965917
1110	30-31	0.020437943878285125
1110	32-33	0.09377671899500228
1110	34-35	0.16644953177111432
1110	36-37	0.07025695125575027
1110	38-39	0.11998436402125634
1110	40-41	0.13924061591467307
1110	42-43	0.12721710695677757
1110	44-45	0.07616765369763101
1110	46-47	0.09012179040215074
1110	48-49	-0.07063984797763823
1110	50-51	0.024996187653442803
1110	52-53	0.08905091354611727
1110	54-55	-0.051248658111980205
1110	56-57	-0.03355264969125216
1110	58-59	0.08645492055754289
1110	60-61	0.01661916691632115
1110	62-63	0.1145946528586208
1110	64-65	0.1334397571994046
1110	66-67	0.18362418903878108
1110	68-69	0.220887935398963
1110	70-71	0.13342821258788007
1110	72-73	0.11751691457792646
1110	74-75	0.22232482460450598
1110	76-77	0.0890944947431791
1110	78-79	0.2229437855356835
1110	80-81	0.1792126960593734
1110	82-83	0.1532050433547738
1110	84-85	-0.01896840443935588
1110	86-87	0.028142644584654875
1110	88-89	0.1522638995861172
1110	90-91	0.21698019076476527
1110	92-93	0.15199818284081346
1110	94-95	0.07132182189559444
1110	96-97	0.16834926194630384
1110	98-99	0.27451933495347447
1110	100	0.23528681262793327
1111	1	0.018442769862065944
1111	2	-0.04895239499096604
1111	3	0.01745590297183952
1111	4	-0.02918117934550679
1111	5	-0.02810344187427205
1111	6	-0.03486195615759158
1111	7	-0.19089016404497272
1111	8	-0.17722074346055194
1111	9	-0.09004448971060697
1111	10-11	-0.07191277813927854
1111	12-13	-0.16528975374947663
1111	14-15	-0.1447175222023276
1111	16-17	-0.11693970618150473
1111	18-19	-0.10090145554167407
1111	20-21	-0.11127953815804403
1111	22-23	-0.07003413705797357
1111	24-25	0.028298569797925666
1111	26-27	0.03195524526139337
1111	28-29	-0.018672624925955006
1111	30-31	0.025155238762806675
1111	32-33	0.019059399385021436
1111	34-35	0.08746627258721418
1111	36-37	0.0319829763499726
1111	38-39	-0.014851838457595079
1111	40-41	0.03438883889093347
1111	42-43	-0.047289852907667296
1111	44-45	-0.082601251914312
1111	46-47	-0.09235049701293718
1111	48-49	0.07180096550037973
1111	50-51	0.1413471412761993
1111	52-53	0.02358729415070826
1111	54-55	0.09440425795485652
1111	56-57	0.040373620481418016
1111	58-59	0.027478463594498237
1111	60-61	-0.009909036987060915
1111	62-63	-0.0044453963458366275
1111	64-65	0.0943590232189706
1111	66-67	0.1266899415029954
1111	68-69	0.06997896147910865
1111	70-71	-0.04120110641660091
1111	72-73	-0.0039034371061390516
1111	74-75	-0.006435668968563846
1111	76-77	0.009488269976856145
1111	78-79	0.032193929222700035
1111	80-81	0.021897230113630428
1111	82-83	0.1237969236008496
1111	84-85	0.06650198822439535
1111	86-87	-0.022086512005451198
1111	88-89	0.05176003830143827
1111	90-91	0.08715020905332693
1111	92-93	-0.007427056132854659
1111	94-95	0.05197350999919337
1111	96-97	-0.08452399337701166
1111	98-99	-0.008879013869261598
1111	100	-0.0067283327942888604
1112	1	0.01947663755988671
1112	2	0.12692500520104844
1112	3	0.11223599787687988
1112	4	0.13750876130795575
1112	5	0.04587124244654461
1112	6	0.22974900260996378
1112	7	0.2582804285981979
1112	8	0.17101950031564428
1112	9	0.13954242755399093
1112	10-11	0.09976363193559479
1112	12-13	0.2073336122256535
1112	14-15	0.21420410410264878
1112	16-17	0.19709136253185733
1112	18-19	0.14014670031082233
1112	20-21	0.11664637047530135
1112	22-23	0.24790576152765453
1112	24-25	0.23348758254493873
1112	26-27	0.12553126990255947
1112	28-29	0.19415090869572538
1112	30-31	0.2351061887291337
1112	32-33	0.2279289112717251
1112	34-35	0.1847428469289909
1112	36-37	0.11387152618747365
1112	38-39	0.25665054212051785
1112	40-41	0.33842634309593933
1112	42-43	0.3220111124018814
1112	44-45	0.21933150429799042
1112	46-47	0.310793102917593
1112	48-49	0.23607165403693386
1112	50-51	0.3128495218543108
1112	52-53	0.21456813436292776
1112	54-55	0.18969013251928857
1112	56-57	0.1909363851981709
1112	58-59	0.2798658506556677
1112	60-61	0.28464014986470687
1112	62-63	0.20257969823757094
1112	64-65	0.3677593697301518
1112	66-67	0.24988804999100722
1112	68-69	0.26383228594588815
1112	70-71	0.34909968323753304
1112	72-73	0.29618631471421253
1112	74-75	0.404893856462202
1112	76-77	0.5011404631773644
1112	78-79	0.30337310810678986
1112	80-81	0.40079866527656094
1112	82-83	0.5263752666946289
1112	84-85	0.3567702809177078
1112	86-87	0.3728865695484984
1112	88-89	0.29740985468686176
1112	90-91	0.2749491942279789
1112	92-93	0.2900051301578799
1112	94-95	0.3844650676764374
1112	96-97	0.33474689609114705
1112	98-99	0.3828372786457095
1112	100	0.46873842850193626
1113	1	0.06088029466887335
1113	2	-0.13892719631330763
1113	3	-0.029654599797090953
1113	4	-0.034464393393704995
1113	5	-0.10098265662013262
1113	6	-0.18038392573096473
1113	7	-0.31043436767829036
1113	8	-0.0941629856009456
1113	9	-0.19745475442492477
1113	10-11	-0.14121579026861042
1113	12-13	-0.12088385827971138
1113	14-15	-0.24437341751691832
1113	16-17	-0.10917558474982059
1113	18-19	-0.024619975278234563
1113	20-21	0.011744243001487575
1113	22-23	-0.07105329004875927
1113	24-25	-0.12146683474811937
1113	26-27	-0.030836178756338484
1113	28-29	-0.006307024518058313
1113	30-31	-0.017713344955197385
1113	32-33	0.019399467182765306
1113	34-35	0.012458882767141688
1113	36-37	-0.09468158330484044
1113	38-39	-0.1672142556685685
1113	40-41	-0.4795918746694241
1113	42-43	-0.3498551076090166
1113	44-45	-0.22847869916704155
1113	46-47	-0.21297785656899748
1113	48-49	-0.03257607111660121
1113	50-51	-0.07834488024386843
1113	52-53	-0.07184698591513694
1113	54-55	-0.009973554527583417
1113	56-57	-0.16088655929114282
1113	58-59	-0.22409722365637208
1113	60-61	-0.2860643209435523
1113	62-63	-0.18571739601085113
1113	64-65	-0.016411443168799167
1113	66-67	-0.05175560417702485
1113	68-69	-0.18949950032870788
1113	70-71	-0.22086405661611508
1113	72-73	-0.17801644264991978
1113	74-75	-0.3718238478251763
1113	76-77	-0.18624371324553834
1113	78-79	-0.15748341483276107
1113	80-81	-0.1945553143980021
1113	82-83	-0.17463284885380403
1113	84-85	-0.09705643012350862
1113	86-87	-0.061194368428608925
1113	88-89	-0.11601781093554564
1113	90-91	-0.2590948862236715
1113	92-93	-0.11621938788928787
1113	94-95	-0.34331905406330065
1113	96-97	-0.3104291335357914
1113	98-99	-0.23694644330954873
1113	100	-0.3833509240961064
1114	1	-0.11190741258564785
1114	2	-0.0835987488789911
1114	3	-0.10526659307750208
1114	4	0.07083403932376342
1114	5	-0.025991918439324024
1114	6	-0.08631996393870622
1114	7	-0.020660735451450307
1114	8	-0.004136360453522059
1114	9	0.0010646041837034659
1114	10-11	-0.07340805901326775
1114	12-13	-0.10682597012981887
1114	14-15	-0.05939323041648237
1114	16-17	-0.07996482019828477
1114	18-19	0.06151089794863651
1114	20-21	-0.07335144985054853
1114	22-23	-0.028927086043381678
1114	24-25	-0.05297343512300756
1114	26-27	-0.05152471292539218
1114	28-29	-0.052766007367424095
1114	30-31	-0.02359937357127251
1114	32-33	-0.1695557343898173
1114	34-35	-0.31729766569127804
1114	36-37	-0.04110489053778821
1114	38-39	-0.0154980272536136
1114	40-41	0.11477733756486685
1114	42-43	0.13281519597403246
1114	44-45	0.1196723375169313
1114	46-47	0.0903141980024742
1114	48-49	-0.009089187998441162
1114	50-51	-0.07763598575581909
1114	52-53	-0.08559354948273779
1114	54-55	-0.03432907704379318
1114	56-57	-0.11456047315395779
1114	58-59	-0.08355680341449556
1114	60-61	-0.09203132481960097
1114	62-63	-0.24248577564980422
1114	64-65	-0.08549534133494063
1114	66-67	-0.11452935435172407
1114	68-69	0.04675973640975428
1114	70-71	0.06589108886527129
1114	72-73	-0.0678585608081761
1114	74-75	0.00830259585980997
1114	76-77	-0.12070078991020239
1114	78-79	-0.07958280250465322
1114	80-81	-0.19722980316326044
1114	82-83	-0.10715176444850272
1114	84-85	-0.09907850892631132
1114	86-87	-0.11090310344557963
1114	88-89	-0.06453875031427714
1114	90-91	0.053131581424288754
1114	92-93	0.08082527401933248
1114	94-95	-0.1404647259371501
1114	96-97	-0.1805997128200829
1114	98-99	-0.0755471889251993
1114	100	-0.2925471824057908
1115	1	0.014042955601624385
1115	2	-0.006714226115576594
1115	3	4.034946651430005E-4
1115	4	0.014962152687211017
1115	5	0.03245375656012328
1115	6	-0.1728203506132786
1115	7	-0.045804589498850135
1115	8	0.08404438250358481
1115	9	-0.022969958239812627
1115	10-11	0.03910015644643039
1115	12-13	0.030963808429831374
1115	14-15	0.03722666560930321
1115	16-17	0.11848476313056011
1115	18-19	-0.10413672709469779
1115	20-21	-0.06016287708884249
1115	22-23	-0.03522814040698563
1115	24-25	-0.04029344418663783
1115	26-27	-0.020760489120199566
1115	28-29	4.3630216588042003E-5
1115	30-31	-0.0034762794385301277
1115	32-33	0.03126014815083522
1115	34-35	-0.08515387243652839
1115	36-37	-0.0420103416431985
1115	38-39	0.018636647746312462
1115	40-41	-0.08722051414171261
1115	42-43	-0.138040106285942
1115	44-45	-0.12415738208726168
1115	46-47	-0.10033259670866101
1115	48-49	-0.07141408381522041
1115	50-51	-0.107891171656604
1115	52-53	0.025594424366651936
1115	54-55	0.03581872852636536
1115	56-57	0.05802859493108059
1115	58-59	0.0715954762913995
1115	60-61	0.0766888244695636
1115	62-63	0.07861267309649378
1115	64-65	0.07502831578180746
1115	66-67	0.057633038344270915
1115	68-69	0.11472434510276486
1115	70-71	0.17481259116399173
1115	72-73	0.06466133134897945
1115	74-75	0.18247718260789725
1115	76-77	0.3155854730041483
1115	78-79	0.3036041857846854
1115	80-81	0.18394048393958684
1115	82-83	0.1849522887584385
1115	84-85	0.06967442439991345
1115	86-87	0.16627216704551984
1115	88-89	0.10752593414687794
1115	90-91	0.06476301973832932
1115	92-93	0.09954466407097584
1115	94-95	0.14796115684012534
1115	96-97	0.11114771337814489
1115	98-99	0.12347799302486351
1115	100	0.18371961612675136
1116	1	-0.01626809636633908
1116	2	-0.0452502742641272
1116	3	-0.12779324532825598
1116	4	-0.13531978991323257
1116	5	-0.03901331146089149
1116	6	-0.09343683993553498
1116	7	0.03661832741943982
1116	8	-0.01657055494664661
1116	9	-0.021231102296567883
1116	10-11	0.018836439438302932
1116	12-13	-0.05553753662613303
1116	14-15	0.0372574974849087
1116	16-17	-0.020510488428492124
1116	18-19	-0.03463351699227246
1116	20-21	0.002007210891051159
1116	22-23	-0.05895901047930607
1116	24-25	-0.025343219728924282
1116	26-27	-0.03468525667537392
1116	28-29	-0.05183408826859903
1116	30-31	0.07974373980910343
1116	32-33	-0.1748624267549559
1116	34-35	-0.0502816440064251
1116	36-37	0.031928928030673376
1116	38-39	0.015832954043524694
1116	40-41	0.059246461260563876
1116	42-43	0.011439491793289847
1116	44-45	-0.03345844708707091
1116	46-47	-0.02817174706840575
1116	48-49	-0.010821102531231475
1116	50-51	0.0796644643613007
1116	52-53	0.11231850388514886
1116	54-55	0.12329632373901234
1116	56-57	0.08802480045452654
1116	58-59	0.1125830837097368
1116	60-61	0.028200067075808022
1116	62-63	0.10713694214583569
1116	64-65	0.1422409399830329
1116	66-67	0.021201926348375366
1116	68-69	0.0647955538804581
1116	70-71	0.22375353126759023
1116	72-73	0.13686053115858954
1116	74-75	0.13495255620195934
1116	76-77	0.18327369255761283
1116	78-79	0.23775257602608946
1116	80-81	0.2945979808302539
1116	82-83	0.25698976795092676
1116	84-85	0.1799031466423031
1116	86-87	0.2512880192218745
1116	88-89	0.05267480492349108
1116	90-91	0.2279860673753049
1116	92-93	0.11976940677111969
1116	94-95	0.12319952182389926
1116	96-97	0.1397778025551304
1116	98-99	0.22325704279716518
1116	100	0.2927142158903848
1117	1	0.0843100755818611
1117	2	0.22407550464506443
1117	3	0.2307096675069431
1117	4	0.06872665625708407
1117	5	0.08607882995361393
1117	6	0.21750599823016614
1117	7	0.1995709547688591
1117	8	0.0695171648384445
1117	9	0.07949555102192818
1117	10-11	0.0376303472428674
1117	12-13	0.1060934265178588
1117	14-15	0.1252057881125168
1117	16-17	0.10112521485536519
1117	18-19	0.19472347775904808
1117	20-21	0.06482114869167077
1117	22-23	0.16158220812553026
1117	24-25	0.13756027028549056
1117	26-27	0.06402089331034233
1117	28-29	0.02492258170578765
1117	30-31	0.11983567029130882
1117	32-33	0.2346352996764196
1117	34-35	0.15054079057867398
1117	36-37	0.17199393011263453
1117	38-39	0.1460140266379426
1117	40-41	0.22003055838715824
1117	42-43	0.27163590318517095
1117	44-45	0.1902572001991203
1117	46-47	0.21609927543676122
1117	48-49	0.2561945443681992
1117	50-51	0.26955143583664665
1117	52-53	0.28052424563175293
1117	54-55	0.2405538673046408
1117	56-57	0.31747298533081647
1117	58-59	0.268401609853818
1117	60-61	0.3291576979497677
1117	62-63	0.3578453654595748
1117	64-65	0.21846219658028332
1117	66-67	0.30596632797638534
1117	68-69	0.3261972558002668
1117	70-71	0.35808318867556466
1117	72-73	0.453136998016312
1117	74-75	0.4262494608581946
1117	76-77	0.6817779891514917
1117	78-79	0.6137073966971869
1117	80-81	0.49696575519360664
1117	82-83	0.6956565802651511
1117	84-85	0.5417306983363588
1117	86-87	0.556954564497758
1117	88-89	0.4804863476132084
1117	90-91	0.5090839629731292
1117	92-93	0.4199545370721225
1117	94-95	0.38684655221698705
1117	96-97	0.3422636259349474
1117	98-99	0.4132805633084615
1117	100	0.2927482217065531
>>END_MODULE
>>Per sequence quality scores	pass
#Quality	Count
27	64.0
28	823.0
29	3768.0
30	8887.0
31	14935.0
32	21619.0
33	30308.0
34	40515.0
35	53138.0
36	69381.0
37	91434.0
38	123828.0
39	182482.0
40	355261.0
41	1003557.0
>>END_MODULE
>>Per base sequence content	fail
#Base	G	A	T	C
1	26.35235	12.6794	14.884400000000001	46.08385
2	25.310687966031946	19.879229818844728	34.87320230980346	19.936879905319856
3	24.221899999999998	24.1498	24.88145	26.74685
4	25.3214	29.4282	18.97645	26.273950000000003
5	25.586	32.29555	21.3419	20.77655
6	20.4044	34.5525	21.92295	23.12015
7	19.15825	15.754750000000001	41.4046	23.6824
8	22.3329	20.87645	27.502349999999996	29.2883
9	22.1372	19.39265	30.022100000000002	28.448050000000002
10-11	24.298624999999998	29.73715	20.9477	25.016525
12-13	23.594450000000002	22.758025	27.9996	25.647925
14-15	23.5542	24.91745	26.5944	24.93395
16-17	24.87565	24.781200000000002	25.3765	24.96665
18-19	24.6253	25.05255	25.163649999999997	25.1585
20-21	24.644525	25.257775	25.215674999999997	24.882025
22-23	24.533225	25.485000000000003	25.244224999999997	24.73755
24-25	24.392047108098406	25.543697301665247	25.2560972804634	24.808158309772953
26-27	24.405350000000002	25.758325	25.199949999999998	24.636375
28-29	24.5502	25.1609	25.413875	24.875025
30-31	24.202125	25.415175	25.43635	24.94635
32-33	24.36535	25.711699999999997	25.411575	24.511374999999997
34-35	24.614475	25.4307	25.13995	24.814875
36-37	24.39425	25.482474999999997	25.359274999999997	24.764
38-39	24.5239	25.486175	25.3874	24.602525
40-41	24.604400000000002	25.34155	25.415725000000002	24.638325
42-43	24.54795	25.17245	25.445149999999998	24.83445
44-45	24.551925	25.340275000000002	25.409599999999998	24.6982
46-47	24.625125	25.515300000000003	25.2492	24.610375
48-49	24.521375	25.2611	25.439625	24.7779
50-51	24.5388	25.294075	25.4755	24.691625000000002
52-53	24.7017	25.292825	25.32185	24.683625
54-55	24.38395	25.389275	25.505475	24.7213
56-57	24.561875	25.472825	25.449925	24.515375
58-59	24.523825	25.49495	25.470100000000002	24.511125
60-61	24.42155	25.387949999999996	25.533099999999997	24.6574
62-63	24.697675	25.352725	25.5509	24.3987
64-65	24.5964	25.471575	25.449225	24.482799999999997
66-67	24.5478	25.3204	25.528650000000003	24.60315
68-69	24.5663	25.451400000000003	25.506024999999998	24.476275
70-71	24.68675	25.386125	25.441200000000002	24.485925
72-73	24.499125	25.354375	25.533624999999997	24.612875000000003
74-75	24.45085	25.370074999999996	25.56525	24.613825
76-77	24.50215	25.438100000000002	25.543325	24.516425
78-79	24.2533	25.4245	25.674750000000003	24.647450000000003
80-81	24.511775	25.4178	25.576624999999996	24.4938
82-83	24.59695	25.49615	25.465624999999996	24.441275
84-85	24.4144	25.46565	25.544024999999998	24.575925
86-87	24.552699999999998	25.452849999999998	25.634225	24.360225
88-89	24.61375	25.414649999999998	25.5992	24.3724
90-91	24.491775	25.371100000000002	25.6173	24.519825
92-93	24.638175	25.27545	25.604149999999997	24.482225
94-95	24.682425	25.349800000000002	25.465674999999997	24.5021
96-97	24.627	25.31295	25.5133	24.54675
98-99	24.4978	25.704900000000002	25.494725000000003	24.302575
100	24.53225	25.465799999999998	25.45295	24.549000000000003
>>END_MODULE
>>Per sequence GC content	warn
#GC Content	Count
0	52.0
1	40.0
2	17.5
3	6.5
4	5.5
5	3.5
6	2.5
7	2.0
8	4.5
9	31.5
10	37.5
11	20.0
12	20.0
13	25.5
14	34.5
15	48.0
16	78.5
17	109.0
18	164.0
19	278.5
20	409.5
21	510.5
22	712.5
23	968.0
24	1248.5
25	1711.0
26	2211.0
27	2837.0
28	3589.0
29	4499.5
30	5677.0
31	7099.5
32	8670.5
33	10545.0
34	12554.5
35	14674.5
36	17134.5
37	20105.0
38	24445.5
39	29623.0
40	36220.5
41	42828.5
42	49376.5
43	58272.5
44	68478.5
45	77141.5
46	84261.5
47	93382.0
48	103709.5
49	112810.0
50	117259.0
51	119367.5
52	118340.5
53	114305.0
54	110159.5
55	100247.0
56	87216.0
57	75262.0
58	63106.5
59	51740.0
60	40703.5
61	30761.5
62	23547.0
63	17524.5
64	12172.0
65	7896.5
66	5056.5
67	3195.5
68	1936.5
69	1200.5
70	744.0
71	476.0
72	335.0
73	212.5
74	179.5
75	132.0
76	81.0
77	69.0
78	56.0
79	34.5
80	17.5
81	4.0
82	0.5
83	0.0
84	0.0
85	0.0
86	0.0
87	0.0
88	0.0
89	0.0
90	0.0
91	0.0
92	0.0
93	0.0
94	0.0
95	0.0
96	0.0
97	0.0
98	0.0
99	0.0
100	0.0
>>END_MODULE
>>Per base N content	pass
#Base	N-Count
1	0.0
2	1.5000000000000001E-4
3	0.0
4	0.0
5	0.0
6	0.0
7	0.0
8	0.0
9	0.0
10-11	0.0
12-13	0.0
14-15	0.0
16-17	0.0
18-19	0.0
20-21	0.0
22-23	0.0
24-25	0.0087
26-27	0.0
28-29	0.0
30-31	0.0
32-33	0.0
34-35	0.0
36-37	0.0
38-39	0.0
40-41	0.0
42-43	0.0
44-45	0.0
46-47	0.0
48-49	0.0
50-51	0.0
52-53	0.0
54-55	0.0
56-57	0.0
58-59	0.0
60-61	0.0
62-63	0.0
64-65	0.0
66-67	0.0
68-69	0.0
70-71	0.0
72-73	0.0
74-75	0.0
76-77	0.0
78-79	0.0
80-81	0.0
82-83	0.0
84-85	0.0
86-87	0.0
88-89	0.0
90-91	0.0
92-93	0.0
94-95	0.0
96-97	0.0
98-99	0.0
100	0.0
>>END_MODULE
>>Sequence Length Distribution	pass
#Length	Count
100	2000000.0
>>END_MODULE
>>Sequence Duplication Levels	pass
#Total Deduplicated Percentage	76.2290457907504
#Duplication Level	Percentage of deduplicated	Percentage of total
1	88.0790242408759	67.14179972062342
2	8.188499647606525	12.484030291898826
3	1.7655218030045141	4.037521270973979
4	0.664612469041816	2.0265109734276914
5	0.3458377568850676	1.3181441102881113
6	0.2106916212498008	0.9636492746387103
7	0.13746808603997213	0.7335342717855496
8	0.09357903265702042	0.570675229237291
9	0.07584863306673845	0.5203682030889206
>10	0.3845021417758047	5.457878565416454
>50	0.03381968839874939	1.7876138618149233
>100	0.02011935512692882	2.724883987085398
>500	4.755242711323384E-4	0.23339023972070239
>1k	0.0	0.0
>5k	0.0	0.0
>10k+	0.0	0.0
>>END_MODULE
>>Overrepresented sequences	pass
>>END_MODULE
>>Adapter Content	pass
#Position	Illumina Universal Adapter	Illumina Small RNA 3' Adapter	Illumina Small RNA 5' Adapter	Nextera Transposase Sequence	SOLID Small RNA Adapter
1	0.0	0.0	0.0	0.0	0.0
2	0.0	0.0	0.0	0.0	0.0
3	5.0E-5	0.0	0.0	0.0	0.0
4	1.0E-4	0.0	0.0	0.0	0.0
5	1.0E-4	5.0E-5	0.0	0.0	0.0
6	1.0E-4	5.0E-5	0.0	0.0	0.0
7	1.5E-4	5.0E-5	0.0	0.0	0.0
8	1.5E-4	5.0E-5	0.0	0.0	0.0
9	1.5E-4	5.0E-5	0.0	0.0	0.0
10-11	1.5E-4	5.0E-5	0.0	0.0	0.0
12-13	1.5E-4	5.0E-5	0.0	0.0	2.5E-5
14-15	1.5E-4	5.0E-5	0.0	0.0	9.999999999999999E-5
16-17	1.75E-4	5.0E-5	2.5E-5	0.0	1.5E-4
18-19	2.0E-4	5.0E-5	5.0E-5	0.0	1.5E-4
20-21	2.5E-4	5.0E-5	5.0E-5	0.0	1.5E-4
22-23	2.5E-4	5.0E-5	5.0E-5	0.0	1.5E-4
24-25	3.25E-4	5.0E-5	5.0E-5	0.0	1.5E-4
26-27	4.0E-4	5.0E-5	5.0E-5	0.0	1.5E-4
28-29	4.5E-4	5.0E-5	5.0E-5	0.0	1.5E-4
30-31	6.249999999999999E-4	5.0E-5	1.25E-4	5.0E-5	2.0E-4
32-33	6.5E-4	5.0E-5	1.5E-4	5.0E-5	2.0E-4
34-35	6.5E-4	5.0E-5	1.5E-4	5.0E-5	2.0E-4
36-37	6.5E-4	5.0E-5	1.5E-4	9.999999999999999E-5	2.5E-4
38-39	6.5E-4	5.0E-5	2.5E-4	2.0E-4	3.0E-4
40-41	6.5E-4	5.0E-5	2.5E-4	2.0E-4	3.5E-4
42-43	6.5E-4	5.0E-5	2.5E-4	2.0E-4	4.2500000000000003E-4
44-45	6.5E-4	5.0E-5	2.5E-4	2.0E-4	4.5E-4
46-47	6.5E-4	5.0E-5	2.5E-4	2.0E-4	5.0E-4
48-49	6.5E-4	5.0E-5	2.5E-4	2.0E-4	6.75E-4
50-51	6.5E-4	5.0E-5	2.5E-4	2.0E-4	7.0E-4
52-53	6.5E-4	5.0E-5	2.5E-4	2.0E-4	7.750000000000001E-4
54-55	6.5E-4	5.0E-5	2.5E-4	2.0E-4	8.500000000000001E-4
56-57	6.5E-4	5.0E-5	2.5E-4	2.0E-4	9.5E-4
58-59	6.5E-4	5.0E-5	2.5E-4	2.0E-4	0.0010249999999999999
60-61	6.5E-4	5.0E-5	2.5E-4	2.0E-4	0.00105
62-63	6.5E-4	5.0E-5	2.5E-4	2.0E-4	0.00135
64-65	6.5E-4	5.0E-5	2.5E-4	2.0E-4	0.001375
66-67	6.75E-4	5.0E-5	2.5E-4	2.0E-4	0.0014
68-69	7.0E-4	5.0E-5	2.5E-4	2.0E-4	0.0014
70-71	7.0E-4	5.0E-5	2.5E-4	2.0E-4	0.00145
72-73	7.0E-4	5.0E-5	2.5E-4	2.0E-4	0.00155
74-75	7.0E-4	5.0E-5	2.5E-4	2.0E-4	0.00165
76-77	7.0E-4	5.0E-5	2.5E-4	2.0E-4	0.001725
78-79	7.0E-4	5.0E-5	2.5E-4	2.0E-4	0.001775
80-81	7.25E-4	5.0E-5	2.5E-4	2.0E-4	0.001925
82-83	7.5E-4	5.0E-5	2.7499999999999996E-4	2.0E-4	0.002025
84-85	0.0094	5.0E-5	3.0E-4	2.0E-4	0.0021000000000000003
86-87	0.044625	5.0E-5	3.0E-4	2.0E-4	0.00215
88-89	0.086675	7.500000000000001E-5	3.25E-4	2.25E-4	0.002175
>>END_MODULE
