##FastQC	0.11.7
>>Basic Statistics	pass
#Measure	Value
Filename	219_L8_2.fq.gz
File type	Conventional base calls
Encoding	Sanger / Illumina 1.9
Total Sequences	2000000
Sequences flagged as poor quality	0
Sequence length	100
%GC	49
>>END_MODULE
>>Per base sequence quality	pass
#Base	Mean	Median	Lower Quartile	Upper Quartile	10th Percentile	90th Percentile
1	30.7285145	32.0	32.0	32.0	27.0	32.0
2	31.1450145	32.0	32.0	32.0	27.0	32.0
3	35.1160455	37.0	37.0	37.0	32.0	37.0
4	35.6100535	37.0	37.0	37.0	32.0	37.0
5	35.932186	37.0	37.0	37.0	32.0	37.0
6	39.581855	42.0	37.0	42.0	32.0	42.0
7	39.6860765	42.0	37.0	42.0	32.0	42.0
8	39.8821905	42.0	42.0	42.0	37.0	42.0
9	39.871296	42.0	42.0	42.0	37.0	42.0
10-11	39.7827425	42.0	42.0	42.0	34.5	42.0
12-13	39.925097	42.0	42.0	42.0	37.0	42.0
14-15	40.022996500000005	42.0	42.0	42.0	37.0	42.0
16-17	39.949146999999996	42.0	42.0	42.0	37.0	42.0
18-19	40.035666750000004	42.0	42.0	42.0	37.0	42.0
20-21	39.98822	42.0	42.0	42.0	37.0	42.0
22-23	39.99002075	42.0	42.0	42.0	37.0	42.0
24-25	39.9459835	42.0	42.0	42.0	37.0	42.0
26-27	39.89861975	42.0	42.0	42.0	37.0	42.0
28-29	39.761425	42.0	42.0	42.0	32.0	42.0
30-31	39.724064	42.0	42.0	42.0	32.0	42.0
32-33	39.61751875	42.0	42.0	42.0	32.0	42.0
34-35	39.5476455	42.0	42.0	42.0	32.0	42.0
36-37	39.630855499999996	42.0	42.0	42.0	32.0	42.0
38-39	39.612657	42.0	42.0	42.0	32.0	42.0
40-41	39.6296505	42.0	42.0	42.0	32.0	42.0
42-43	39.64010025	42.0	42.0	42.0	32.0	42.0
44-45	39.624004	42.0	42.0	42.0	32.0	42.0
46-47	39.50220275	42.0	39.5	42.0	32.0	42.0
48-49	39.387285500000004	42.0	37.0	42.0	32.0	42.0
50-51	39.49626725	42.0	37.0	42.0	32.0	42.0
52-53	39.430713999999995	42.0	37.0	42.0	32.0	42.0
54-55	39.3804935	42.0	37.0	42.0	32.0	42.0
56-57	39.269774749999996	42.0	37.0	42.0	32.0	42.0
58-59	39.313209	42.0	37.0	42.0	32.0	42.0
60-61	39.258832749999996	42.0	37.0	42.0	32.0	42.0
62-63	39.13064275	42.0	37.0	42.0	32.0	42.0
64-65	39.197999249999995	42.0	37.0	42.0	32.0	42.0
66-67	39.147589249999996	42.0	37.0	42.0	32.0	42.0
68-69	39.16831875	42.0	37.0	42.0	32.0	42.0
70-71	39.002124499999994	42.0	37.0	42.0	32.0	42.0
72-73	38.973882	42.0	37.0	42.0	32.0	42.0
74-75	38.9265665	42.0	37.0	42.0	32.0	42.0
76-77	38.2154595	42.0	37.0	42.0	32.0	42.0
78-79	38.477378	42.0	37.0	42.0	32.0	42.0
80-81	39.00143799999999	42.0	37.0	42.0	32.0	42.0
82-83	38.964757500000005	42.0	37.0	42.0	32.0	42.0
84-85	38.9355515	42.0	37.0	42.0	32.0	42.0
86-87	39.0392925	42.0	37.0	42.0	32.0	42.0
88-89	38.81530625	42.0	37.0	42.0	32.0	42.0
90-91	38.553248499999995	42.0	37.0	42.0	32.0	42.0
92-93	38.4345045	42.0	37.0	42.0	32.0	42.0
94-95	38.42938475	42.0	37.0	42.0	32.0	42.0
96-97	38.429797	42.0	37.0	42.0	32.0	42.0
98-99	38.424497	42.0	37.0	42.0	32.0	42.0
100	38.2340095	42.0	37.0	42.0	32.0	42.0
>>END_MODULE
>>Per tile sequence quality	pass
#Tile	Base	Mean
1101	1	-0.35082973452450616
1101	2	-0.1636019364876482
1101	3	-0.2286383130315457
1101	4	-0.2676736864083651
1101	5	-0.09601721285055476
1101	6	-0.039707276151744963
1101	7	-0.1304713876743051
1101	8	-0.3309483294336317
1101	9	-0.20180297326880492
1101	10-11	-0.16458894891268017
1101	12-13	-0.2334501367925128
1101	14-15	-0.11404371136580949
1101	16-17	-0.21106067924980465
1101	18-19	-0.2528420963032829
1101	20-21	-0.41778038792507743
1101	22-23	-0.324630950618392
1101	24-25	-0.1552303660917147
1101	26-27	0.07781678473772047
1101	28-29	0.031170823213585663
1101	30-31	-0.022505693627508094
1101	32-33	0.13482882102236715
1101	34-35	-0.10442234252159466
1101	36-37	0.025300502498929234
1101	38-39	-0.0696499116372209
1101	40-41	-0.09572618579574765
1101	42-43	-0.071548489436978
1101	44-45	0.026921200322952643
1101	46-47	0.11221022041866746
1101	48-49	-0.16550492603715128
1101	50-51	0.004694371508342954
1101	52-53	-0.07918330345648172
1101	54-55	0.017400102502257653
1101	56-57	0.0039777556309985584
1101	58-59	0.06346703722544333
1101	60-61	0.06336947805376525
1101	62-63	0.016835421074112844
1101	64-65	-0.03643266534147216
1101	66-67	0.04614913295431222
1101	68-69	-0.05340446755684525
1101	70-71	-0.012295332228489997
1101	72-73	-0.056005938544899436
1101	74-75	-0.15288623642332055
1101	76-77	-0.16772327471775128
1101	78-79	-0.10221400253387003
1101	80-81	-0.13664918799439363
1101	82-83	-0.1930515760890117
1101	84-85	-0.166505212102102
1101	86-87	-0.06895394869764004
1101	88-89	-0.13310591895607615
1101	90-91	-0.3373813557830019
1101	92-93	-0.20717809922300034
1101	94-95	-0.10520536693903892
1101	96-97	-0.1653948853209073
1101	98-99	-0.3448828517126685
1101	100	-0.16906603012011345
1102	1	-0.46512858155465864
1102	2	-0.03913932273950138
1102	3	-0.2281319831062234
1102	4	-0.23262191377287422
1102	5	-0.018327575964107723
1102	6	-0.2185920524100382
1102	7	-0.10364078368689178
1102	8	-0.1861088896480183
1102	9	-0.22164802803825268
1102	10-11	-0.13116444082998413
1102	12-13	-0.19253882417028478
1102	14-15	-0.20359604510215945
1102	16-17	0.012884273982848526
1102	18-19	-0.17594005406906632
1102	20-21	-0.27597854880420414
1102	22-23	-0.35542728601161144
1102	24-25	-0.21183728527231693
1102	26-27	-0.1648370648256332
1102	28-29	-0.18657918791699757
1102	30-31	-0.19831094939151228
1102	32-33	-0.28162517606102
1102	34-35	-0.2298362301853416
1102	36-37	-0.12459577682395917
1102	38-39	-0.11149601968819667
1102	40-41	-0.08885650773208909
1102	42-43	-0.043935315710960765
1102	44-45	-0.04449258030827252
1102	46-47	-0.1672752646990503
1102	48-49	-0.03779557211012019
1102	50-51	-0.020169186868905342
1102	52-53	-0.09730417930054358
1102	54-55	-0.06176356702186325
1102	56-57	0.0189184201588688
1102	58-59	-0.20585291717492993
1102	60-61	-0.1641670772301822
1102	62-63	-0.02884529857203688
1102	64-65	0.017028602003115623
1102	66-67	0.09001408856811821
1102	68-69	-0.10490647821796983
1102	70-71	-0.059752858850963264
1102	72-73	-0.19729283271547615
1102	74-75	0.02054734085207599
1102	76-77	-0.022882052298996314
1102	78-79	-0.08886262688270818
1102	80-81	0.021352910568552375
1102	82-83	-0.0474454549814638
1102	84-85	-0.05205465491682304
1102	86-87	0.028901921276030862
1102	88-89	-0.03505034438025234
1102	90-91	-0.045171901134089865
1102	92-93	0.01046573653842131
1102	94-95	0.07851421475559306
1102	96-97	-0.16598973819938578
1102	98-99	0.019341758274535437
1102	100	0.07414622461689646
1103	1	-0.1999119046726996
1103	2	-0.032844037082107036
1103	3	-0.004726811332389502
1103	4	0.06486708884746406
1103	5	-0.09462322762924913
1103	6	-0.05519766021214423
1103	7	-0.029593185110776687
1103	8	-0.1440785050140576
1103	9	-0.05554086346696607
1103	10-11	-0.06825437827617975
1103	12-13	-0.204204783130848
1103	14-15	-0.13996975329779815
1103	16-17	-0.1215093299373109
1103	18-19	-0.04867788341110213
1103	20-21	-0.09937259651024277
1103	22-23	-0.1345484176119811
1103	24-25	-0.20298603166369844
1103	26-27	-0.19891964299607423
1103	28-29	-0.19048088515518202
1103	30-31	-0.0354471317200904
1103	32-33	-0.0011564429353114747
1103	34-35	-0.045420904139426455
1103	36-37	-0.07962544300576013
1103	38-39	-0.09324887535396442
1103	40-41	-0.178023756664885
1103	42-43	-0.16189513623902485
1103	44-45	-0.021522063830929028
1103	46-47	-0.06489057743602444
1103	48-49	-0.03128006367014535
1103	50-51	-0.13595060157573613
1103	52-53	-0.0678664105845499
1103	54-55	-0.07426311188962131
1103	56-57	-0.15000634430433024
1103	58-59	-0.1286842258934442
1103	60-61	-0.17549024420211623
1103	62-63	-0.1366839945488465
1103	64-65	-0.262794494174436
1103	66-67	-0.20436393737772818
1103	68-69	-0.14216970410514307
1103	70-71	-0.1546147139886216
1103	72-73	-0.2596977475231057
1103	74-75	-0.1830722118450936
1103	76-77	-0.21941750073153798
1103	78-79	-0.2781543731299081
1103	80-81	-0.1630664095859089
1103	82-83	-0.22073443683006388
1103	84-85	-0.13167707210305224
1103	86-87	-0.1822318690807947
1103	88-89	-0.4510930474868786
1103	90-91	-0.30277211019714656
1103	92-93	-0.170748923699108
1103	94-95	-0.04303639256703917
1103	96-97	-0.08883686287451553
1103	98-99	-0.3326093869308906
1103	100	-0.08859480987837998
1104	1	-0.2702606104117997
1104	2	0.06835291052650305
1104	3	0.004662304175788279
1104	4	0.14517804286997205
1104	5	0.10282312255893089
1104	6	0.21215620811891256
1104	7	0.008675885748857581
1104	8	-0.08925609937616485
1104	9	-0.0017925604603448164
1104	10-11	-0.013087691406042268
1104	12-13	-0.03003734940547531
1104	14-15	0.032784807685274586
1104	16-17	-0.029973765099164495
1104	18-19	-0.005362657179340147
1104	20-21	0.09923391321184738
1104	22-23	0.02642896668881889
1104	24-25	0.14859554156348764
1104	26-27	0.19707926750589877
1104	28-29	0.12540496526092682
1104	30-31	0.10736607366990825
1104	32-33	0.07748349742684724
1104	34-35	-0.03939392409694875
1104	36-37	0.07860468013461741
1104	38-39	0.08218479358341568
1104	40-41	0.09622840295286039
1104	42-43	0.09841626391619229
1104	44-45	0.02822456341352364
1104	46-47	0.08155269328060655
1104	48-49	0.07310974755006328
1104	50-51	0.03065333363650069
1104	52-53	0.03816138331648489
1104	54-55	-0.032874311486501995
1104	56-57	0.09847212449575693
1104	58-59	-0.07649815595120657
1104	60-61	-0.026804876591207005
1104	62-63	0.05538845835660311
1104	64-65	-0.04293055916978261
1104	66-67	0.08578255203745044
1104	68-69	-0.05587197441421665
1104	70-71	0.06745605269247079
1104	72-73	0.05140063657206895
1104	74-75	-0.0665337386244289
1104	76-77	0.1784545832731581
1104	78-79	0.09117211077939658
1104	80-81	0.10800162080263931
1104	82-83	0.06076198736979421
1104	84-85	0.08186455825723726
1104	86-87	0.06304647334362556
1104	88-89	0.041764640694644584
1104	90-91	0.08034582051637784
1104	92-93	-0.03356378850261166
1104	94-95	0.07062012769052473
1104	96-97	0.11839422982995984
1104	98-99	-0.11872650198655066
1104	100	-0.20869474837188307
1105	1	-0.13677059288327342
1105	2	0.009098837609979427
1105	3	-0.07314226954767378
1105	4	0.010136055837492108
1105	5	0.14373120638506975
1105	6	-0.04462264997133758
1105	7	0.07454583335533016
1105	8	0.049253217662162285
1105	9	-0.09786151927227138
1105	10-11	0.020373309680906004
1105	12-13	0.040372558790494395
1105	14-15	0.10606537058627197
1105	16-17	0.10745281128007633
1105	18-19	0.11995418984317752
1105	20-21	0.0212597434103472
1105	22-23	0.002714568374415194
1105	24-25	0.08551936425103435
1105	26-27	-0.019586638231260167
1105	28-29	-0.06983455782773262
1105	30-31	0.0466984861949129
1105	32-33	0.08632228193044966
1105	34-35	0.026516813842768272
1105	36-37	0.0380438450220808
1105	38-39	-0.11271975522830502
1105	40-41	-0.04824205492248268
1105	42-43	0.05939809913839156
1105	44-45	0.010924532509243079
1105	46-47	-0.03168233939442189
1105	48-49	-0.011006727706366348
1105	50-51	0.08623778169656049
1105	52-53	-0.04168873927795147
1105	54-55	0.02508113886567287
1105	56-57	0.0059424271554817665
1105	58-59	0.11336600978888356
1105	60-61	-0.07900478292044966
1105	62-63	-0.08983772911668098
1105	64-65	-0.024427335945880202
1105	66-67	0.02541698337709164
1105	68-69	0.11678565382555917
1105	70-71	0.07566689825168993
1105	72-73	0.2242089708585553
1105	74-75	0.12730002310268418
1105	76-77	0.08844189801623514
1105	78-79	0.05912273408101498
1105	80-81	0.0014169584183107986
1105	82-83	-0.041131010788653555
1105	84-85	0.07350746955246734
1105	86-87	0.06979450241271934
1105	88-89	0.01614947235651698
1105	90-91	-0.03415139644763343
1105	92-93	-0.05623029762400478
1105	94-95	-0.028104146469935642
1105	96-97	-0.034331900967387696
1105	98-99	-0.003201785162296744
1105	100	0.06478749449112797
1106	1	-0.10421874451420265
1106	2	-0.1406484900354279
1106	3	-0.11779390131759726
1106	4	-0.0952780660669319
1106	5	-0.07612775520218662
1106	6	-0.18813774805570915
1106	7	-0.25360082847588217
1106	8	-0.3143125348129914
1106	9	-0.24889618968110483
1106	10-11	-0.2076023356797947
1106	12-13	-0.1868456046712197
1106	14-15	-0.09977436184421862
1106	16-17	-0.14818020375967933
1106	18-19	-0.07620823000753774
1106	20-21	-0.08837579051937894
1106	22-23	0.0025271712079302233
1106	24-25	0.010984942398501119
1106	26-27	-0.025417225727750292
1106	28-29	0.03369423283839268
1106	30-31	-0.08697212146816469
1106	32-33	0.023472362766590038
1106	34-35	-0.006393338385898062
1106	36-37	0.0020587624331511734
1106	38-39	-0.01753299626223992
1106	40-41	-0.12853820282307993
1106	42-43	-0.4247469312098673
1106	44-45	-0.310099694609292
1106	46-47	0.013550575595168368
1106	48-49	0.02610712301090956
1106	50-51	-0.030706945732916324
1106	52-53	-0.01608562079818654
1106	54-55	-0.22603630846919742
1106	56-57	-0.18858614117562666
1106	58-59	-0.023149198562101958
1106	60-61	-0.11030733474483867
1106	62-63	-0.054076192673264245
1106	64-65	-0.2379732443676943
1106	66-67	-0.15705458490498359
1106	68-69	-0.14883114363311023
1106	70-71	-0.3293564471634838
1106	72-73	-0.32983346046581374
1106	74-75	-0.27909761592927396
1106	76-77	-0.17399153407737344
1106	78-79	-0.36842946766387286
1106	80-81	-0.42971001878736104
1106	82-83	-0.6006201965402695
1106	84-85	-0.5884514354481212
1106	86-87	-0.3050484428321312
1106	88-89	-0.3845174408081178
1106	90-91	-0.2980661133514886
1106	92-93	-0.36433420307044884
1106	94-95	-0.40611085823578463
1106	96-97	-0.5245147057398896
1106	98-99	-0.5549546956324036
1106	100	-0.6285148424798166
1107	1	-0.05672190441807956
1107	2	0.025073756323088503
1107	3	0.1715886289480011
1107	4	0.22034096283174165
1107	5	0.18521397827586839
1107	6	0.3354179801296766
1107	7	0.20789762795506306
1107	8	0.18880565098071855
1107	9	0.10324900123747227
1107	10-11	0.16341953822796995
1107	12-13	0.17915798358350798
1107	14-15	0.2047131655910377
1107	16-17	0.11306160616702954
1107	18-19	0.21453472372264315
1107	20-21	0.22734569570640417
1107	22-23	0.22282320043871096
1107	24-25	0.08845474389536889
1107	26-27	0.19996175396856586
1107	28-29	0.18124170562546027
1107	30-31	0.29927865481292315
1107	32-33	0.23036157773933041
1107	34-35	0.24203106348777936
1107	36-37	0.2226895712479191
1107	38-39	0.11425853094862504
1107	40-41	0.2499233541956869
1107	42-43	0.27123197021776235
1107	44-45	0.2816127102786581
1107	46-47	0.31008329616874164
1107	48-49	0.37225074484423715
1107	50-51	0.2521063426148302
1107	52-53	0.2889490059241808
1107	54-55	0.2588757527388381
1107	56-57	0.209757240541407
1107	58-59	0.21664220103210852
1107	60-61	0.18022256769909006
1107	62-63	0.16501036902941735
1107	64-65	0.1712002087140192
1107	66-67	0.12861690956806626
1107	68-69	0.24796260223745747
1107	70-71	0.21615057599901633
1107	72-73	0.3648347116205315
1107	74-75	0.2045954671697956
1107	76-77	0.42753621851134227
1107	78-79	0.28010044991133043
1107	80-81	0.27458976656971856
1107	82-83	0.291681147053211
1107	84-85	0.2377018197292884
1107	86-87	0.24157950845457776
1107	88-89	0.11412290299742267
1107	90-91	0.20914495894884766
1107	92-93	0.2436041984853361
1107	94-95	0.0660863236203042
1107	96-97	0.24219215517531012
1107	98-99	0.33214773264550956
1107	100	0.37886369098647776
1108	1	0.004544944732280953
1108	2	0.13927560214622758
1108	3	0.20615091076940928
1108	4	0.23357456341909
1108	5	0.18027762733821362
1108	6	0.397873905272931
1108	7	0.26499146851302413
1108	8	0.3993887872133044
1108	9	0.38917629528113906
1108	10-11	0.4310549288909158
1108	12-13	0.25258208066266974
1108	14-15	0.16290715485531138
1108	16-17	0.1148529958872544
1108	18-19	0.1788830471463001
1108	20-21	0.18580074151520876
1108	22-23	0.18817173709238944
1108	24-25	0.31765562130157576
1108	26-27	0.3215168823156702
1108	28-29	0.3461395338423614
1108	30-31	0.269250201911305
1108	32-33	0.32099827043273876
1108	34-35	0.255651898774957
1108	36-37	0.34172683208806376
1108	38-39	0.3460320031396762
1108	40-41	0.12713416287765256
1108	42-43	0.26131154087327246
1108	44-45	0.18770139481715375
1108	46-47	0.2786833595236118
1108	48-49	0.22125174667534253
1108	50-51	0.2394255122975224
1108	52-53	0.1933268975963287
1108	54-55	0.18766509752438054
1108	56-57	0.29122203767803967
1108	58-59	0.3200964019111652
1108	60-61	0.35704120219357804
1108	62-63	0.2133876978112923
1108	64-65	0.2792141576158187
1108	66-67	0.30285936682845005
1108	68-69	0.2790608372224881
1108	70-71	0.29420427060700405
1108	72-73	0.24941004544371737
1108	74-75	0.30921883420852225
1108	76-77	0.17900844006770456
1108	78-79	0.36084101448288664
1108	80-81	0.2774677280088298
1108	82-83	0.1376771178048415
1108	84-85	0.2474695244741909
1108	86-87	0.18602973654597577
1108	88-89	0.18067333652000173
1108	90-91	0.0412323428436423
1108	92-93	0.03586405766635181
1108	94-95	0.1257676335565776
1108	96-97	0.2822572936780787
1108	98-99	0.2914374561141031
1108	100	0.3767969974695973
1109	1	0.045699313242671735
1109	2	-0.06883943472325882
1109	3	-0.051499109416994315
1109	4	-0.03452437803888131
1109	5	0.006111488913099095
1109	6	0.07456378340222614
1109	7	0.053983329001155766
1109	8	-0.11743714432280683
1109	9	-0.20352136909382068
1109	10-11	-0.054378601014910544
1109	12-13	-0.03573079920417399
1109	14-15	0.020456927675802206
1109	16-17	0.07936890631061999
1109	18-19	0.07154474501029995
1109	20-21	0.04697087123501831
1109	22-23	0.10882874525225361
1109	24-25	0.06680482333937476
1109	26-27	0.06745315229738225
1109	28-29	0.03039041935358
1109	30-31	-0.05797888709192023
1109	32-33	-0.11924041086680859
1109	34-35	-0.07047712491628744
1109	36-37	0.0342490038937413
1109	38-39	0.044807235356252306
1109	40-41	-0.042727349809219106
1109	42-43	-0.10409831373191025
1109	44-45	-0.043322068258540014
1109	46-47	-0.04021531129696854
1109	48-49	-0.06419778713428315
1109	50-51	0.006320348149095878
1109	52-53	-0.16617590186010034
1109	54-55	-0.12439013892011275
1109	56-57	-0.07625832819766742
1109	58-59	-0.26994772105386033
1109	60-61	-0.3385146990577965
1109	62-63	-0.08952611674056499
1109	64-65	-0.1494638499734222
1109	66-67	-8.75281881874912E-4
1109	68-69	0.09478778761413764
1109	70-71	-0.028806246381421374
1109	72-73	-0.09799059333982285
1109	74-75	-0.24821734305531606
1109	76-77	-0.19939217812660104
1109	78-79	-0.28885954143643744
1109	80-81	-0.08285484464705917
1109	82-83	0.056055368330490296
1109	84-85	0.058004489522716085
1109	86-87	-0.18415793152277615
1109	88-89	-0.1660442767359669
1109	90-91	-0.12030256448208121
1109	92-93	-0.044117415999764376
1109	94-95	-0.028798264945912422
1109	96-97	-0.06677974178225554
1109	98-99	-0.028792502776056494
1109	100	-0.2527610026902707
1110	1	-0.06173396732616254
1110	2	-0.0014109150494121536
1110	3	0.05402526704944677
1110	4	-0.009744664142580461
1110	5	0.09405180567645033
1110	6	0.1393455568830433
1110	7	0.1238259856824584
1110	8	0.08829088350060488
1110	9	0.07085702724818077
1110	10-11	0.051966853043587946
1110	12-13	-0.007849865590429772
1110	14-15	0.04901563765554329
1110	16-17	0.1317481398612088
1110	18-19	0.07980664268243487
1110	20-21	0.12349434637518186
1110	22-23	0.1828384039305888
1110	24-25	0.1328042399661271
1110	26-27	0.24572084933171112
1110	28-29	0.07281094792514864
1110	30-31	0.049449408131579276
1110	32-33	0.09229245313909473
1110	34-35	0.13505111574183815
1110	36-37	0.046682087299849684
1110	38-39	0.06457478846892428
1110	40-41	0.167021029599411
1110	42-43	0.15865271446536866
1110	44-45	0.0881963270453312
1110	46-47	0.16695934514876853
1110	48-49	0.09394708504657245
1110	50-51	0.20116510356195505
1110	52-53	0.14662125670389514
1110	54-55	0.20994594611520512
1110	56-57	0.08840059495391017
1110	58-59	0.09411130583023208
1110	60-61	0.0944128710889558
1110	62-63	0.11838730419451338
1110	64-65	0.10480266401869187
1110	66-67	0.10172909326816892
1110	68-69	0.046832350759572705
1110	70-71	0.15378707777338008
1110	72-73	-0.031090470857350283
1110	74-75	-0.11331755492041395
1110	76-77	-0.13151171054381194
1110	78-79	0.07472717339130241
1110	80-81	0.0014663914163932645
1110	82-83	0.026550507887819208
1110	84-85	0.18749758828391805
1110	86-87	0.10681276473813028
1110	88-89	0.0648947852027888
1110	90-91	0.03454250322862862
1110	92-93	0.19025837171088256
1110	94-95	0.2534700663034002
1110	96-97	0.21046768236722357
1110	98-99	-0.06525562602836743
1110	100	0.019774913236425107
1111	1	-0.20748707298757552
1111	2	-0.06715564021437004
1111	3	0.008702379793454895
1111	4	-0.017524712251784536
1111	5	0.0054959528133693425
1111	6	0.13142790303677998
1111	7	-0.017356495386309234
1111	8	-0.18380517595178958
1111	9	-0.016272267888794545
1111	10-11	0.010088008300854767
1111	12-13	-0.02088819695087807
1111	14-15	-0.2160792577261006
1111	16-17	-0.12708208258247566
1111	18-19	-0.08276974186676966
1111	20-21	0.02623970785344909
1111	22-23	-0.21618135787916515
1111	24-25	-0.08500041370128741
1111	26-27	4.064528069847029E-4
1111	28-29	0.022159731922535286
1111	30-31	-0.19146045054519334
1111	32-33	-0.11049325450034075
1111	34-35	-0.029288965007488343
1111	36-37	-0.13892427639001426
1111	38-39	0.05360357517380265
1111	40-41	0.03511760227326732
1111	42-43	0.003124757989873217
1111	44-45	-0.01988290584764485
1111	46-47	0.11372550318598229
1111	48-49	0.031011895029145364
1111	50-51	0.15893836748079337
1111	52-53	0.0931190018166248
1111	54-55	0.0023688626021964865
1111	56-57	-0.28731333559790073
1111	58-59	-0.18532592249287205
1111	60-61	0.012083716486991136
1111	62-63	-0.11174617403316489
1111	64-65	0.132580554706756
1111	66-67	-0.10472390998753411
1111	68-69	-0.24153804473905893
1111	70-71	-0.33147994053717156
1111	72-73	-0.16575240278800152
1111	74-75	-0.2830349736197064
1111	76-77	-0.2544028291704308
1111	78-79	-0.21190200364641498
1111	80-81	-0.12705686441708508
1111	82-83	-0.017056090763453824
1111	84-85	-0.21305410048685758
1111	86-87	-0.1217554786058912
1111	88-89	-0.037291646027654224
1111	90-91	-0.05558508483728275
1111	92-93	-0.22794280473975448
1111	94-95	0.059100891296296254
1111	96-97	-0.11966496633798585
1111	98-99	0.08434888836764287
1111	100	-0.12358462799943482
1112	1	0.04501636275877985
1112	2	0.05797496643720734
1112	3	0.011357727932399087
1112	4	-0.04604773389859673
1112	5	0.13532797414826092
1112	6	0.08600726019272287
1112	7	0.18332013291779958
1112	8	0.24320817409585516
1112	9	0.10368426303399048
1112	10-11	0.06753624496350596
1112	12-13	0.07414894479073553
1112	14-15	0.04255554774376691
1112	16-17	0.033826351736642835
1112	18-19	0.0589824056088446
1112	20-21	0.020306986778109604
1112	22-23	0.08399637850233432
1112	24-25	0.0051784937134797815
1112	26-27	0.010684371331322495
1112	28-29	0.03375430276365421
1112	30-31	0.012959549504884649
1112	32-33	0.003951472281805479
1112	34-35	-0.030208744801363707
1112	36-37	-0.04235439561632148
1112	38-39	-0.05721391068258441
1112	40-41	-0.07135044957806258
1112	42-43	-0.08773518419444315
1112	44-45	-0.19212511129990872
1112	46-47	-0.3273452652300435
1112	48-49	-0.32594242179566635
1112	50-51	-0.1810355308626086
1112	52-53	-0.41923157630448316
1112	54-55	-0.43151705327012735
1112	56-57	-0.2978772048885858
1112	58-59	-0.12137025748190666
1112	60-61	-0.22317586300339798
1112	62-63	-0.09757492756369857
1112	64-65	-0.14437717684931073
1112	66-67	-0.3466587927572178
1112	68-69	-0.196170677425755
1112	70-71	-0.040187402384468385
1112	72-73	0.04553089631902907
1112	74-75	-0.09882829791624204
1112	76-77	-0.26934315029198785
1112	78-79	-0.06357318975334181
1112	80-81	-0.20856150714595856
1112	82-83	-0.08886485517177078
1112	84-85	-0.25772749979748966
1112	86-87	-0.05890486167390918
1112	88-89	-0.03892215001820176
1112	90-91	-0.10411957402532579
1112	92-93	-0.08834937819354138
1112	94-95	-0.10676548732330815
1112	96-97	0.075353154496554
1112	98-99	-0.04198410654795737
1112	100	-0.27555798674644194
1113	1	0.05044511271397312
1113	2	-0.07110192114629399
1113	3	-0.04179530646391072
1113	4	-0.11626939650589208
1113	5	-0.011363628266771286
1113	6	-0.20784994076062446
1113	7	-0.05537086346028275
1113	8	0.04227677193436108
1113	9	-0.07434787740836413
1113	10-11	-0.07345460161820228
1113	12-13	-0.06395700166434182
1113	14-15	-0.13801898570755355
1113	16-17	0.009083562066606987
1113	18-19	-0.01954791857678373
1113	20-21	-0.11302532604572946
1113	22-23	-0.08723358426841799
1113	24-25	-0.009531477342598293
1113	26-27	-0.18555540952063154
1113	28-29	-0.12626736455843002
1113	30-31	-0.08052103267907285
1113	32-33	-0.18074654490725095
1113	34-35	-0.03510584389388072
1113	36-37	-0.07634516441269312
1113	38-39	-0.15947894951963093
1113	40-41	-0.013592849879955793
1113	42-43	-0.05354406959324365
1113	44-45	0.0626469441100923
1113	46-47	0.010541637361349387
1113	48-49	0.20364196434734794
1113	50-51	0.11994887304476975
1113	52-53	0.14927719754607693
1113	54-55	0.04117824046090135
1113	56-57	-0.09427133577737834
1113	58-59	0.057967833441658456
1113	60-61	-0.03634466460241015
1113	62-63	-0.05210089965527942
1113	64-65	0.027897270393602014
1113	66-67	-0.026314260660306843
1113	68-69	-0.0074832921944505415
1113	70-71	-0.016953877822224683
1113	72-73	0.06576067959195342
1113	74-75	-0.008035724482382989
1113	76-77	0.11767780769139335
1113	78-79	0.16169772792469672
1113	80-81	0.0731507626831629
1113	82-83	-0.002405448169746194
1113	84-85	0.13282898277603294
1113	86-87	-0.06281918143362475
1113	88-89	-0.09374964403596664
1113	90-91	-0.0916808178384727
1113	92-93	0.01967108032144438
1113	94-95	0.08798124105717164
1113	96-97	0.04183831321307707
1113	98-99	-0.10776651976874518
1113	100	0.02711957263396414
1114	1	0.005003789031182038
1114	2	0.01695682293036782
1114	3	0.014101656490012715
1114	4	0.18463994658679894
1114	5	0.12129019505101013
1114	6	0.24283250175427895
1114	7	0.08944119577570575
1114	8	0.04579371217202066
1114	9	0.0627834980636166
1114	10-11	-0.0026463941889218745
1114	12-13	-0.0044280290698566205
1114	14-15	-0.006810245037577545
1114	16-17	0.09918603981642349
1114	18-19	-0.12954359844368923
1114	20-21	0.002602764777392963
1114	22-23	0.08431238696413601
1114	24-25	0.13831459564143955
1114	26-27	0.0749914803953402
1114	28-29	0.06346359671984914
1114	30-31	-0.05788202846601109
1114	32-33	-0.16359549486034553
1114	34-35	-0.11086198885268317
1114	36-37	0.03893813935855661
1114	38-39	0.13579952685852703
1114	40-41	0.11865268529618334
1114	42-43	-0.07703292147856189
1114	44-45	-0.12772862108236183
1114	46-47	-0.09352831922019078
1114	48-49	-0.06818036999202093
1114	50-51	-0.04779423926296289
1114	52-53	-0.12154563806349472
1114	54-55	-0.03511553457921224
1114	56-57	-0.11577532235426702
1114	58-59	-0.16429884942239426
1114	60-61	-0.07663991986836294
1114	62-63	-0.1689821660008448
1114	64-65	-0.07223800517773071
1114	66-67	0.02297989922355015
1114	68-69	0.12540782959511887
1114	70-71	0.08679351942861757
1114	72-73	0.1660341881914107
1114	74-75	0.02038159812823892
1114	76-77	0.039522659882194944
1114	78-79	-0.0027838055653148785
1114	80-81	0.11294657275304587
1114	82-83	-0.03139395302185477
1114	84-85	-0.04436914698818839
1114	86-87	0.04493959416428339
1114	88-89	0.12772474925486677
1114	90-91	0.008529844804051834
1114	92-93	0.062083069776427635
1114	94-95	0.08708567447209958
1114	96-97	0.023812192879773875
1114	98-99	-0.11556601655185972
1114	100	0.11037375968150087
1115	1	0.06304669062324209
1115	2	0.08687074721099108
1115	3	0.0013746005521539928
1115	4	-0.012599066835562667
1115	5	0.04460622239538736
1115	6	-0.132566762400522
1115	7	0.0016539322568220882
1115	8	-0.0055524757410410075
1115	9	0.005062097232382712
1115	10-11	0.10000186499210884
1115	12-13	0.059354635416525525
1115	14-15	-0.07050785581180463
1115	16-17	-0.026125933565964488
1115	18-19	0.09450420878303589
1115	20-21	0.04511429074773332
1115	22-23	0.08358946447770421
1115	24-25	0.0856240594283193
1115	26-27	-0.029619089430461543
1115	28-29	-0.026931636184244212
1115	30-31	0.032089843624106607
1115	32-33	0.08310749848524779
1115	34-35	0.0010685714343807717
1115	36-37	-0.019697798957629686
1115	38-39	-0.04464589795580309
1115	40-41	0.04376866040463767
1115	42-43	0.045881684140205437
1115	44-45	-0.02166976482200056
1115	46-47	0.02353487489305195
1115	48-49	0.07003925936002275
1115	50-51	0.0749412652679311
1115	52-53	-0.049127705243442676
1115	54-55	-0.024505895915538645
1115	56-57	0.08391956306736148
1115	58-59	0.1593775263128876
1115	60-61	0.22831411251790712
1115	62-63	0.126457285749062
1115	64-65	0.06046912161929896
1115	66-67	0.28690171567104983
1115	68-69	0.08827241363817961
1115	70-71	-0.025819332879983392
1115	72-73	0.09947679680806942
1115	74-75	0.28920068013864153
1115	76-77	0.0586644236395486
1115	78-79	0.07084298010840939
1115	80-81	0.027407736478593847
1115	82-83	0.13216048589618623
1115	84-85	0.09629686105159863
1115	86-87	0.24409741479065872
1115	88-89	0.14866962899868952
1115	90-91	0.2946647724686571
1115	92-93	0.17092354580468339
1115	94-95	0.3066567834634881
1115	96-97	-0.05573452420591707
1115	98-99	0.019154725652498428
1115	100	0.06041486708310373
1116	1	0.23541747143404024
1116	2	0.17928958189802202
1116	3	0.20601075158416648
1116	4	0.18022076024035272
1116	5	0.06601192119177313
1116	6	0.2530401700892213
1116	7	0.3001083156850939
1116	8	0.3059573980107899
1116	9	0.2344502254407459
1116	10-11	0.24376002357378468
1116	12-13	0.20452199267975857
1116	14-15	0.1592983113610842
1116	16-17	0.18824449790324138
1116	18-19	0.19403579346764843
1116	20-21	0.12029437957106381
1116	22-23	0.22503214172812847
1116	24-25	0.2432235198896464
1116	26-27	0.21683219520853925
1116	28-29	0.20852520880836778
1116	30-31	0.1484214593613018
1116	32-33	0.18654787913820314
1116	34-35	0.16995800158709784
1116	36-37	0.18747554886690665
1116	38-39	0.19228271020907783
1116	40-41	0.1511912893294749
1116	42-43	0.21012943848838006
1116	44-45	0.2358500716343812
1116	46-47	0.1920658741070298
1116	48-49	0.2212604411049881
1116	50-51	0.2975113325161871
1116	52-53	0.33760639728831876
1116	54-55	0.2708871166057705
1116	56-57	0.30543200512679647
1116	58-59	0.1861570950054059
1116	60-61	0.2131089293238304
1116	62-63	0.2511556842766538
1116	64-65	0.2995367677362708
1116	66-67	0.2447140221988917
1116	68-69	0.3510322315923986
1116	70-71	0.2410553925795753
1116	72-73	0.3987366713685603
1116	74-75	0.44613681208625167
1116	76-77	0.49931135897577406
1116	78-79	0.3509888366907461
1116	80-81	0.3766567296955472
1116	82-83	0.35450390808519927
1116	84-85	0.3251292838325526
1116	86-87	0.28124638633549637
1116	88-89	0.44894032991376775
1116	90-91	0.29198692040188234
1116	92-93	0.35438128355912824
1116	94-95	0.3997677220602327
1116	96-97	0.47136643227841546
1116	98-99	0.35814243723866923
1116	100	0.33742534409610414
1117	1	-0.3278379646780536
1117	2	-0.250220270083819
1117	3	-0.35642025672756006
1117	4	-0.2226362111234792
1117	5	-0.41414791261009753
1117	6	-0.5056813523110364
1117	7	-0.4199564373716669
1117	8	-0.4207908654294741
1117	9	-0.3707613694226737
1117	10-11	-0.566937585028569
1117	12-13	-0.3830956973434567
1117	14-15	-0.5273041138042132
1117	16-17	-0.5932440361445828
1117	18-19	-0.369380250563637
1117	20-21	-0.47028737994689607
1117	22-23	-0.5513651248522038
1117	24-25	-1.0285613571929844
1117	26-27	-1.1246769250753346
1117	28-29	-1.0186724390176067
1117	30-31	-0.8732795163300224
1117	32-33	-0.9899616880127482
1117	34-35	-0.6735136025007478
1117	36-37	-0.9767728640944
1117	38-39	-0.709516241311853
1117	40-41	-0.7761496773195375
1117	42-43	-0.5359758641045502
1117	44-45	-0.5986337019133074
1117	46-47	-0.734157389253788
1117	48-49	-0.848615054907647
1117	50-51	-0.8737932597598288
1117	52-53	-0.6973141669560832
1117	54-55	-0.5760808340446815
1117	56-57	-0.29913512278834276
1117	58-59	-0.3959627017202365
1117	60-61	-0.20845940022277176
1117	62-63	-0.30736131832824753
1117	64-65	-0.2985602498018025
1117	66-67	-0.3215120534073108
1117	68-69	-0.3364462172921705
1117	70-71	-0.3936955621323861
1117	72-73	-0.12694766994133033
1117	74-75	-0.2678278929488016
1117	76-77	-0.3328765925666275
1117	78-79	-0.7442017773795939
1117	80-81	-0.7025258131305776
1117	82-83	-0.6258671654787591
1117	84-85	-0.47958351953582223
1117	86-87	-0.5646547606685601
1117	88-89	-0.6837046007907688
1117	90-91	-0.5888315951131915
1117	92-93	-0.5232109516442804
1117	94-95	-0.6868117295312075
1117	96-97	-0.6725248019534575
1117	98-99	-0.3174548819302174
1117	100	-0.5762200839645288
1118	1	0.18264786250770015
1118	2	-0.005253253014991799
1118	3	-0.0731604793087044
1118	4	-0.028064164532949576
1118	5	-0.003918542945243075
1118	6	-0.13704171458085312
1118	7	-0.12777741323117908
1118	8	0.02059065235109614
1118	9	-0.03537253308326882
1118	10-11	0.07079164409350369
1118	12-13	0.19325312052180976
1118	14-15	0.049338039767796715
1118	16-17	0.04039999397412686
1118	18-19	0.027435517952305588
1118	20-21	0.01051181945970825
1118	22-23	-0.03646067151576915
1118	24-25	0.05595848232365341
1118	26-27	-0.024702711295951474
1118	28-29	0.03513054148699979
1118	30-31	-0.00861322248405827
1118	32-33	-0.04402901959744554
1118	34-35	0.014564402850901104
1118	36-37	-0.05101857408010346
1118	38-39	0.019672076588797438
1118	40-41	0.0847283466107811
1118	42-43	0.14407693364989882
1118	44-45	0.03909978878041187
1118	46-47	0.0694043372950901
1118	48-49	0.1034200653130668
1118	50-51	0.018108129669926143
1118	52-53	0.05938869871771857
1118	54-55	0.03649049642363167
1118	56-57	0.10400976265897555
1118	58-59	0.051026509791896046
1118	60-61	-2.7638690703213342E-5
1118	62-63	0.08110635800720445
1118	64-65	0.05308415111817766
1118	66-67	0.13460554850802708
1118	68-69	-0.009534047868001494
1118	70-71	-0.035842318602689716
1118	72-73	-0.06905352126332787
1118	74-75	0.04858322939087856
1118	76-77	-0.03477704266877879
1118	78-79	0.0932389834335936
1118	80-81	0.028052385922109124
1118	82-83	0.11469227285856931
1118	84-85	0.10813055353685286
1118	86-87	0.05847007727663822
1118	88-89	0.039762564601538486
1118	90-91	0.019228616766213236
1118	92-93	0.0364192158045995
1118	94-95	-0.045941410284846995
1118	96-97	-0.00611633901266373
1118	98-99	0.0061814158859903046
1118	100	0.036667419482967034
1119	1	0.22804179680753833
1119	2	0.036504420087904776
1119	3	0.09252832630047436
1119	4	0.11213787919868423
1119	5	0.1929941101346202
1119	6	0.17889199067985118
1119	7	-0.3145342642556983
1119	8	0.08176654271311179
1119	9	0.13301467350928675
1119	10-11	0.07201912311747805
1119	12-13	0.142547351149787
1119	14-15	0.08396658477074226
1119	16-17	0.017357312674036507
1119	18-19	-0.07602760369472605
1119	20-21	0.06078132398232583
1119	22-23	0.14570858032655565
1119	24-25	0.027210346041634637
1119	26-27	0.12771445260578673
1119	28-29	0.059555679762532066
1119	30-31	0.19447160405992747
1119	32-33	0.17681140256753736
1119	34-35	0.17857159093740194
1119	36-37	0.037430069035103486
1119	38-39	0.03716299439363269
1119	40-41	0.07207629919875558
1119	42-43	0.16189506788332153
1119	44-45	0.07818218989481807
1119	46-47	-0.12794609702035586
1119	48-49	-0.044336149015386184
1119	50-51	0.018441148875929514
1119	52-53	0.036194411646242486
1119	54-55	0.13922299365118818
1119	56-57	0.010755664389947128
1119	58-59	0.03560582589253869
1119	60-61	0.22137363833419244
1119	62-63	-0.04256254370319823
1119	64-65	-0.024271163661531148
1119	66-67	0.035174410105909715
1119	68-69	0.08295368415728888
1119	70-71	0.08081243758962131
1119	72-73	0.12114671977528957
1119	74-75	0.15762313764217595
1119	76-77	0.1565555556387892
1119	78-79	0.1153187157192832
1119	80-81	0.2656588221350944
1119	82-83	0.16297906687692887
1119	84-85	0.11488257774542632
1119	86-87	0.07348242082431966
1119	88-89	0.1517583036549297
1119	90-91	0.16086957959237935
1119	92-93	0.26674036351339225
1119	94-95	0.2902531466814722
1119	96-97	0.2878536621390282
1119	98-99	0.396117060128347
1119	100	0.19340137898853982
1120	1	0.3158689057091806
1120	2	0.02629902622586755
1120	3	0.11406154297537086
1120	4	0.050565016408349095
1120	5	0.024587967426306534
1120	6	-0.005483197355445668
1120	7	-0.06949250173209265
1120	8	0.06287461534321181
1120	9	0.02375475738762134
1120	10-11	0.1185038661983171
1120	12-13	0.23105304202299237
1120	14-15	0.14757954455214417
1120	16-17	0.20232885849395643
1120	18-19	0.10969202975275039
1120	20-21	0.031386381688385256
1120	22-23	0.09603230412795938
1120	24-25	0.14318114667464243
1120	26-27	0.2834085723826618
1120	28-29	0.23777160308064538
1120	30-31	0.30368254268081785
1120	32-33	0.30351508139889916
1120	34-35	0.21186621332682165
1120	36-37	0.10260037946171252
1120	38-39	0.10793366076060096
1120	40-41	0.2669185406977803
1120	42-43	0.14884466508893013
1120	44-45	-0.0037798168037639357
1120	46-47	0.19449603347786848
1120	48-49	0.2883967977588995
1120	50-51	0.23279424906247215
1120	52-53	0.2458033138443838
1120	54-55	0.18232360340433473
1120	56-57	0.11939542196731168
1120	58-59	0.18184673019049313
1120	60-61	0.14740887283005577
1120	62-63	0.24600705220973396
1120	64-65	0.19220942693052478
1120	66-67	0.19807610649761642
1120	68-69	0.22309125552330045
1120	70-71	0.1758659777703997
1120	72-73	0.29397504363133464
1120	74-75	0.2829251376720805
1120	76-77	0.21224011048536795
1120	78-79	0.3204035397673266
1120	80-81	0.2215994136538768
1120	82-83	0.1492226368599745
1120	84-85	0.0802944956337015
1120	86-87	0.17575476860339734
1120	88-89	0.1532321285091598
1120	90-91	0.32310091271235564
1120	92-93	0.10520155812260867
1120	94-95	0.03596159079680916
1120	96-97	0.16328167603479926
1120	98-99	0.2963317429806267
1120	100	0.2339656831000667
1121	1	0.2247062086233278
1121	2	0.016661638011896684
1121	3	0.13820778406313394
1121	4	0.013669008161230067
1121	5	0.007570436256095547
1121	6	0.007069490328383665
1121	7	-0.011465005288663122
1121	8	0.0449384707081677
1121	9	-0.08297251173127762
1121	10-11	-0.09626576053761937
1121	12-13	-0.059411395575295955
1121	14-15	-0.03165471382302343
1121	16-17	-0.006428564018428062
1121	18-19	-0.0593804815127541
1121	20-21	0.12160609332467232
1121	22-23	0.059666248433870805
1121	24-25	0.006086400509609291
1121	26-27	0.0391286846374328
1121	28-29	-0.1846879394246912
1121	30-31	0.013658633487558802
1121	32-33	-0.046141656088607874
1121	34-35	-0.06451453716541522
1121	36-37	-0.05748673136634608
1121	38-39	-0.21280147776831626
1121	40-41	-0.154416145468403
1121	42-43	-0.1267925592569128
1121	44-45	-0.1104374759645097
1121	46-47	-0.03178411830074168
1121	48-49	-0.1577358144809935
1121	50-51	-0.035343054752608793
1121	52-53	-0.03021547973938965
1121	54-55	0.009159754099442807
1121	56-57	0.07432053049170406
1121	58-59	0.055550977791845924
1121	60-61	-0.16254612462947904
1121	62-63	0.08294975182499797
1121	64-65	0.06674737383452367
1121	66-67	0.028794228834016167
1121	68-69	0.001595130987610105
1121	70-71	0.11002144876463404
1121	72-73	0.0603097448839236
1121	74-75	0.006059954142322965
1121	76-77	-0.13475108725467067
1121	78-79	-0.027689178189604036
1121	80-81	-0.012487794534635555
1121	82-83	0.11152355896668809
1121	84-85	-0.22757048195597207
1121	86-87	-0.18325941924897649
1121	88-89	-0.20847664042470626
1121	90-91	-0.03468775952911329
1121	92-93	-0.1251844975153773
1121	94-95	0.004389628804013057
1121	96-97	-0.3159364526336361
1121	98-99	-0.1426294552472882
1121	100	-0.21107115663163256
1122	1	0.3619678217157336
1122	2	-0.03145583848401756
1122	3	-0.01762925972465723
1122	4	-0.04263271087410203
1122	5	-0.053151176468503536
1122	6	-0.07325533535347262
1122	7	0.06960352896773969
1122	8	0.15793815602621208
1122	9	0.12213324558627647
1122	10-11	0.038853699408207376
1122	12-13	0.03743199787454898
1122	14-15	0.016462485963920415
1122	16-17	-0.041293149459008305
1122	18-19	-0.010985763912565005
1122	20-21	-0.012071159460973035
1122	22-23	0.00574880289530455
1122	24-25	0.04318662415857233
1122	26-27	-0.18413030934070207
1122	28-29	-0.16837343388063175
1122	30-31	-0.02033293514750767
1122	32-33	-0.09168586686013214
1122	34-35	-0.34172388376443763
1122	36-37	-0.09617437052967404
1122	38-39	-0.04639981315525432
1122	40-41	-0.05822697716872227
1122	42-43	0.004982553487096197
1122	44-45	-0.14535146459918025
1122	46-47	-0.1618378458174945
1122	48-49	0.1581578294883883
1122	50-51	0.03604768964731164
1122	52-53	-0.11888516687605488
1122	54-55	-0.22147319340793103
1122	56-57	-0.11220898728885231
1122	58-59	-0.25247983175132305
1122	60-61	-0.20259910971477524
1122	62-63	-0.06530074080211534
1122	64-65	-0.153138197214453
1122	66-67	-0.1689394480611739
1122	68-69	-0.1468629785094535
1122	70-71	-0.004096268510657808
1122	72-73	-0.05562871742473874
1122	74-75	-0.18938040136655587
1122	76-77	-0.12971670808062896
1122	78-79	-0.14690811049824504
1122	80-81	-0.12105430413276963
1122	82-83	0.027212144559833007
1122	84-85	-0.009913163114354973
1122	86-87	-0.17031080163592094
1122	88-89	0.009605447973669357
1122	90-91	0.12247097401904483
1122	92-93	-0.19933867055912202
1122	94-95	-0.532036340222291
1122	96-97	-0.3913696809708114
1122	98-99	-0.2995275076588655
1122	100	-0.33686348084395945
1123	1	0.41849479807135026
1123	2	0.20931274965299096
1123	3	0.17016580934335934
1123	4	-0.08971261994911117
1123	5	-0.5424169766278126
1123	6	-0.4504910603248149
1123	7	0.15521192981481846
1123	8	0.06120698701841576
1123	9	0.36262497879526734
1123	10-11	-0.009988366998122444
1123	12-13	0.00801397607587262
1123	14-15	0.4726154653115131
1123	16-17	0.15510239366236078
1123	18-19	0.15729297557180644
1123	20-21	0.33394212957556846
1123	22-23	0.18742829231653246
1123	24-25	0.09436398616824704
1123	26-27	0.09473011691873978
1123	28-29	0.49061415136154096
1123	30-31	0.15597751151177874
1123	32-33	0.30898295636070827
1123	34-35	0.5458817582475675
1123	36-37	0.5071959739361418
1123	38-39	0.4363919530820439
1123	40-41	0.2430897837257575
1123	42-43	0.11935909561761093
1123	44-45	0.5996855465333084
1123	46-47	0.21385477721295132
1123	48-49	-0.10799981267904712
1123	50-51	-0.45254103021435554
1123	52-53	0.31617632406059215
1123	54-55	0.42742084401120195
1123	56-57	0.20690857405637075
1123	58-59	0.2883543272896887
1123	60-61	0.2867463469501388
1123	62-63	-0.11208728079550667
1123	64-65	0.041836642986815775
1123	66-67	-0.4013717886024537
1123	68-69	-0.2145627511969863
1123	70-71	-0.06891334997400378
1123	72-73	-0.7515317502004777
1123	74-75	-0.022340223402267156
1123	76-77	0.113372604347731
1123	78-79	0.34512381038923934
1123	80-81	0.19419894526980386
1123	82-83	0.24354998528568927
1123	84-85	0.42729808205282893
1123	86-87	0.32794112663437147
1123	88-89	0.7346574189864796
1123	90-91	0.42663302643691026
1123	92-93	0.544586549467688
1123	94-95	0.11715495196165904
1123	96-97	0.6903778079064153
1123	98-99	0.670148620646394
1123	100	0.9571914238596619
>>END_MODULE
>>Per sequence quality scores	pass
#Quality	Count
26	6.0
27	204.0
28	2979.0
29	12643.0
30	25248.0
31	35036.0
32	43472.0
33	52738.0
34	63914.0
35	77096.0
36	93865.0
37	120535.0
38	159425.0
39	233659.0
40	438511.0
41	640669.0
>>END_MODULE
>>Per base sequence content	fail
#Base	G	A	T	C
1	26.5116	12.7787	15.9157	44.794
2	25.967299999999998	20.7265	32.7689	20.5373
3	24.9352	24.40975	24.009549999999997	26.6455
4	25.535449999999997	29.448649999999997	18.604599999999998	26.411299999999997
5	25.52065	32.5955	21.039649999999998	20.844199999999997
6	20.5039	34.889399999999995	21.49525	23.11145
7	19.322	15.944949999999999	40.9587	23.77435
8	22.4801	21.15695	27.031149999999997	29.3318
9	22.1852	19.8078	29.500700000000002	28.5063
10-11	24.34165	30.049550000000004	20.72735	24.88145
12-13	23.5243	23.16	27.808575	25.507125000000002
14-15	23.461199999999998	25.302075000000002	26.508525	24.7282
16-17	24.723375	25.082275	25.343425000000003	24.850925
18-19	24.477525	25.429275	25.116575	24.976625
20-21	24.523325	25.571675	25.130325	24.774675
22-23	24.428875	25.808975	25.129025	24.633125
24-25	24.30425	25.94165	25.180975	24.573125
26-27	24.281375	26.088499999999996	25.052799999999998	24.577325
28-29	24.435425	25.473425	25.3394	24.75175
30-31	24.15195	25.771424999999997	25.31565	24.760975
32-33	24.322575	26.108749999999997	25.217450000000003	24.351225000000003
34-35	24.468	25.89575	25.025724999999998	24.610525
36-37	24.239774999999998	25.8865	25.238075	24.635650000000002
38-39	24.38625	25.8958	25.242124999999998	24.475825
40-41	24.508750000000003	25.717174999999997	25.224249999999998	24.549825
42-43	24.474075	25.554624999999998	25.26315	24.70815
44-45	24.5059	25.693875	25.234050000000003	24.566175
46-47	24.523675	25.944525000000002	25.100475	24.431325
48-49	24.459375	25.611424999999997	25.263175	24.666025
50-51	24.474725	25.6473	25.300925000000003	24.57705
52-53	24.606325000000002	25.6429	25.2031	24.547674999999998
54-55	24.263299999999997	25.782349999999997	25.31745	24.6369
56-57	24.445	25.859225000000002	25.245775	24.45
58-59	24.431675	25.878024999999997	25.301099999999998	24.3892
60-61	24.246175	25.777299999999997	25.410349999999998	24.566175
62-63	24.560499999999998	25.7052	25.38925	24.345049999999997
64-65	24.501675	25.770775	25.304975000000002	24.422575
66-67	24.40965	25.690099999999997	25.362625	24.537625
68-69	24.517325	25.786875	25.319325	24.376475
70-71	24.60715	25.7384	25.245025	24.409425000000002
72-73	24.4889	25.714724999999998	25.3048	24.491574999999997
74-75	24.422749999999997	25.692674999999998	25.373525	24.51105
76-77	24.4542	25.751924999999996	25.350825	24.44305
78-79	24.223975	25.750825	25.433425	24.591775
80-81	24.476725	25.705099999999998	25.3077	24.510475
82-83	24.480075	25.809925	25.27495	24.43505
84-85	24.434025000000002	25.800974999999998	25.256024999999998	24.508975
86-87	24.45345	25.7704	25.394375000000004	24.381775
88-89	24.57429002503772	25.726375105782175	25.374797029474006	24.3245378397061
90-91	24.48585509317396	25.708457844030146	25.370132082797188	24.435554979998706
92-93	24.661075	25.584875	25.3142	24.43985
94-95	24.710555408607508	25.620202694966025	25.175566801386633	24.49367509503983
96-97	24.707225	25.577525	25.22335	24.4919
98-99	24.63665	26.002475000000004	25.09505	24.265825
100	24.596130432282564	25.7939513941494	25.077238851679905	24.532679321888132
>>END_MODULE
>>Per sequence GC content	warn
#GC Content	Count
0	79.0
1	54.5
2	20.5
3	11.5
4	13.0
5	11.5
6	10.5
7	11.0
8	11.0
9	21.5
10	25.5
11	27.0
12	40.0
13	53.5
14	63.0
15	76.0
16	102.5
17	151.5
18	215.0
19	299.0
20	430.0
21	586.5
22	789.5
23	1021.5
24	1406.5
25	1827.0
26	2282.0
27	2988.0
28	3777.5
29	4738.0
30	5826.0
31	7189.0
32	8807.5
33	10495.5
34	12339.0
35	14339.5
36	16831.0
37	19999.0
38	24427.0
39	29672.5
40	36412.5
41	43423.0
42	50231.0
43	59435.0
44	69672.0
45	78395.0
46	86008.5
47	94944.5
48	105036.5
49	114127.5
50	119219.5
51	121070.0
52	119723.0
53	116021.5
54	110655.5
55	99586.0
56	86092.0
57	73389.0
58	60845.5
59	49167.5
60	38301.0
61	28886.0
62	21623.0
63	15949.5
64	11022.5
65	7146.0
66	4588.0
67	2842.5
68	1756.5
69	1130.5
70	713.5
71	459.0
72	309.0
73	201.5
74	155.0
75	136.0
76	99.0
77	61.0
78	51.5
79	41.5
80	17.5
81	3.5
82	2.0
83	3.0
84	2.0
85	1.0
86	1.5
87	1.0
88	0.0
89	0.0
90	0.5
91	1.5
92	1.0
93	0.0
94	0.0
95	0.0
96	0.5
97	0.5
98	0.0
99	1.0
100	3.5
>>END_MODULE
>>Per base N content	pass
#Base	N-Count
1	0.0
2	0.0
3	0.0
4	0.0
5	0.0
6	0.0
7	0.0
8	0.0
9	0.0
10-11	0.0
12-13	0.0
14-15	0.0
16-17	0.0
18-19	0.0
20-21	0.0
22-23	0.0
24-25	0.0
26-27	0.0
28-29	0.0
30-31	0.0
32-33	0.0
34-35	0.0
36-37	0.0
38-39	0.0
40-41	0.0
42-43	0.0
44-45	0.0
46-47	0.0
48-49	0.0
50-51	0.0
52-53	0.0
54-55	0.0
56-57	0.0
58-59	0.0
60-61	0.0
62-63	0.0
64-65	0.0
66-67	0.0
68-69	0.0
70-71	0.0
72-73	0.0
74-75	0.0
76-77	0.0
78-79	0.0
80-81	0.0
82-83	0.0
84-85	0.0
86-87	0.0
88-89	8.749999999999999E-4
90-91	2.25E-4
92-93	0.0
94-95	0.00245
96-97	0.0
98-99	0.0
100	0.0017499999999999998
>>END_MODULE
>>Sequence Length Distribution	pass
#Length	Count
100	2000000.0
>>END_MODULE
>>Sequence Duplication Levels	pass
#Total Deduplicated Percentage	78.31577996094894
#Duplication Level	Percentage of deduplicated	Percentage of total
1	89.40834728696728	70.02084452798236
2	7.419469425504823	11.621230699096479
3	1.5186435943365626	3.568012727195006
4	0.5670340026906603	1.7763084074039155
5	0.2896937659829617	1.1343796616390132
6	0.18776446643154004	0.8822952382522484
7	0.122228113549005	0.670067303202203
8	0.08133112620719148	0.5095608467214862
9	0.053124884227905816	0.37444650692792025
>10	0.298962867650135	4.4209325563714295
>50	0.03156831230188792	1.7235411539272019
>100	0.021242450946329865	3.014251884231847
>500	5.897032037034876E-4	0.2841284870488975
>1k	0.0	0.0
>5k	0.0	0.0
>10k+	0.0	0.0
>>END_MODULE
>>Overrepresented sequences	pass
>>END_MODULE
>>Adapter Content	pass
#Position	Illumina Universal Adapter	Illumina Small RNA 3' Adapter	Illumina Small RNA 5' Adapter	Nextera Transposase Sequence	SOLID Small RNA Adapter
1	0.0	0.0	0.0	0.0	0.0
2	0.0	0.0	0.0	0.0	0.0
3	0.0	0.0	0.0	0.0	0.0
4	5.0E-5	0.0	0.0	0.0	0.0
5	5.0E-5	0.0	0.0	0.0	0.0
6	5.0E-5	0.0	0.0	0.0	0.0
7	5.0E-5	0.0	0.0	0.0	0.0
8	5.0E-5	0.0	0.0	0.0	0.0
9	5.0E-5	0.0	0.0	0.0	5.0E-5
10-11	5.0E-5	0.0	5.0E-5	0.0	5.0E-5
12-13	5.0E-5	0.0	5.0E-5	0.0	5.0E-5
14-15	5.0E-5	0.0	5.0E-5	0.0	5.0E-5
16-17	5.0E-5	0.0	5.0E-5	0.0	5.0E-5
18-19	5.0E-5	0.0	5.0E-5	0.0	1.0E-4
20-21	5.0E-5	0.0	5.0E-5	0.0	1.0E-4
22-23	5.0E-5	5.0E-5	5.0E-5	0.0	1.0E-4
24-25	5.0E-5	5.0E-5	5.0E-5	0.0	1.5E-4
26-27	5.0E-5	5.0E-5	7.500000000000001E-5	0.0	1.5E-4
28-29	2.5E-4	5.0E-5	1.25E-4	0.0	1.5E-4
30-31	4.2500000000000003E-4	5.0E-5	1.5E-4	0.0	1.5E-4
32-33	4.5E-4	5.0E-5	1.5E-4	0.0	1.5E-4
34-35	4.5E-4	5.0E-5	1.5E-4	0.0	2.0E-4
36-37	4.5E-4	5.0E-5	1.5E-4	2.5E-5	2.0E-4
38-39	4.5E-4	5.0E-5	2.0E-4	1.0E-4	2.0E-4
40-41	4.5E-4	5.0E-5	2.0E-4	1.0E-4	2.25E-4
42-43	4.5E-4	5.0E-5	2.7499999999999996E-4	1.0E-4	3.5E-4
44-45	4.5E-4	5.0E-5	3.0E-4	1.0E-4	4.5E-4
46-47	4.5E-4	5.0E-5	3.0E-4	1.0E-4	4.5E-4
48-49	5.0E-4	5.0E-5	3.0E-4	1.5E-4	7.0E-4
50-51	5.250000000000001E-4	5.0E-5	3.0E-4	1.5E-4	7.0E-4
52-53	5.5E-4	1.0E-4	3.0E-4	1.5E-4	7.5E-4
54-55	5.5E-4	1.0E-4	3.0E-4	1.5E-4	7.5E-4
56-57	5.5E-4	1.0E-4	3.5E-4	1.5E-4	7.750000000000001E-4
58-59	5.5E-4	1.0E-4	3.5E-4	1.5E-4	9.0E-4
60-61	6.0E-4	1.0E-4	3.5E-4	1.5E-4	0.001075
62-63	6.0E-4	1.0E-4	3.5E-4	1.5E-4	0.0011
64-65	6.0E-4	1.0E-4	3.5E-4	1.5E-4	0.0011
66-67	6.0E-4	1.0E-4	3.5E-4	1.5E-4	0.0011
68-69	6.75E-4	1.0E-4	3.5E-4	1.5E-4	0.0011
70-71	7.25E-4	1.0E-4	3.5E-4	1.5E-4	0.0011749999999999998
72-73	9.5E-4	1.0E-4	3.5E-4	1.5E-4	0.0012499999999999998
74-75	0.0013	1.0E-4	3.5E-4	1.5E-4	0.0014750000000000002
76-77	0.0015	1.0E-4	3.5E-4	1.5E-4	0.0017
78-79	0.0018249999999999998	1.0E-4	3.75E-4	1.5E-4	0.001725
80-81	0.002125	1.0E-4	4.0E-4	1.5E-4	0.0018
82-83	0.002325	1.0E-4	5.0E-4	1.5E-4	0.00185
84-85	0.0188	1.0E-4	5.0E-4	1.5E-4	0.001925
86-87	0.089675	1.0E-4	5.0E-4	1.5E-4	0.0021000000000000003
88-89	0.17295	1.25E-4	5.250000000000001E-4	1.75E-4	0.002225
>>END_MODULE
