##FastQC	0.11.7
>>Basic Statistics	pass
#Measure	Value
Filename	221_L8_1.fq.gz
File type	Conventional base calls
Encoding	Sanger / Illumina 1.9
Total Sequences	2000000
Sequences flagged as poor quality	0
Sequence length	100
%GC	49
>>END_MODULE
>>Per base sequence quality	pass
#Base	Mean	Median	Lower Quartile	Upper Quartile	10th Percentile	90th Percentile
1	31.219309	32.0	32.0	32.0	32.0	32.0
2	31.6429935	32.0	32.0	32.0	32.0	32.0
3	35.686475	37.0	37.0	37.0	32.0	37.0
4	36.139701	37.0	37.0	37.0	32.0	37.0
5	36.398794	37.0	37.0	37.0	37.0	37.0
6	40.4511	42.0	42.0	42.0	37.0	42.0
7	40.544114	42.0	42.0	42.0	37.0	42.0
8	40.794966	42.0	42.0	42.0	37.0	42.0
9	40.866218	42.0	42.0	42.0	37.0	42.0
10-11	40.8800275	42.0	42.0	42.0	37.0	42.0
12-13	40.89161675	42.0	42.0	42.0	37.0	42.0
14-15	40.883773	42.0	42.0	42.0	37.0	42.0
16-17	40.844535	42.0	42.0	42.0	37.0	42.0
18-19	40.827681749999996	42.0	42.0	42.0	37.0	42.0
20-21	40.799558250000004	42.0	42.0	42.0	37.0	42.0
22-23	40.8025515	42.0	42.0	42.0	37.0	42.0
24-25	40.76412525	42.0	42.0	42.0	37.0	42.0
26-27	40.691536	42.0	42.0	42.0	37.0	42.0
28-29	40.649378	42.0	42.0	42.0	37.0	42.0
30-31	40.615992	42.0	42.0	42.0	37.0	42.0
32-33	40.6206435	42.0	42.0	42.0	37.0	42.0
34-35	40.603812500000004	42.0	42.0	42.0	37.0	42.0
36-37	40.5754185	42.0	42.0	42.0	37.0	42.0
38-39	40.525116	42.0	42.0	42.0	37.0	42.0
40-41	40.518385	42.0	42.0	42.0	37.0	42.0
42-43	40.49892025	42.0	42.0	42.0	37.0	42.0
44-45	40.479659	42.0	42.0	42.0	37.0	42.0
46-47	40.43331175	42.0	42.0	42.0	37.0	42.0
48-49	40.3912125	42.0	42.0	42.0	37.0	42.0
50-51	40.38810275	42.0	42.0	42.0	37.0	42.0
52-53	40.349778	42.0	42.0	42.0	37.0	42.0
54-55	40.326116	42.0	42.0	42.0	37.0	42.0
56-57	40.2853205	42.0	42.0	42.0	37.0	42.0
58-59	40.243218999999996	42.0	42.0	42.0	37.0	42.0
60-61	40.188824	42.0	42.0	42.0	37.0	42.0
62-63	40.186338750000004	42.0	42.0	42.0	37.0	42.0
64-65	40.158904	42.0	42.0	42.0	37.0	42.0
66-67	40.08222025	42.0	42.0	42.0	37.0	42.0
68-69	39.99177575	42.0	42.0	42.0	37.0	42.0
70-71	39.97242975	42.0	42.0	42.0	37.0	42.0
72-73	39.90465775	42.0	42.0	42.0	37.0	42.0
74-75	39.862091500000005	42.0	42.0	42.0	37.0	42.0
76-77	39.25429175	42.0	39.5	42.0	34.5	42.0
78-79	39.48785625	42.0	39.5	42.0	32.0	42.0
80-81	39.814522	42.0	42.0	42.0	37.0	42.0
82-83	39.73197125	42.0	42.0	42.0	32.0	42.0
84-85	39.832269249999996	42.0	42.0	42.0	37.0	42.0
86-87	39.811417750000004	42.0	42.0	42.0	37.0	42.0
88-89	39.773322	42.0	42.0	42.0	37.0	42.0
90-91	39.722127	42.0	42.0	42.0	32.0	42.0
92-93	39.627325	42.0	42.0	42.0	32.0	42.0
94-95	39.69624675	42.0	42.0	42.0	32.0	42.0
96-97	39.62663275	42.0	42.0	42.0	32.0	42.0
98-99	39.58102825	42.0	42.0	42.0	32.0	42.0
100	39.524525	42.0	42.0	42.0	32.0	42.0
>>END_MODULE
>>Per tile sequence quality	pass
#Tile	Base	Mean
1101	1	0.04742841907210149
1101	2	0.05246620641428379
1101	3	0.0684164334764219
1101	4	0.0334261759608907
1101	5	0.005286683386650282
1101	6	-0.0274151964722833
1101	7	-0.07658832130719873
1101	8	0.011569379246886058
1101	9	9.801415222980836E-4
1101	10-11	-0.03791108384653086
1101	12-13	0.003496264592506293
1101	14-15	0.010447137560049669
1101	16-17	-0.13167114474789798
1101	18-19	-0.11566471267674672
1101	20-21	-0.1559576206368405
1101	22-23	-0.10947727514858485
1101	24-25	-0.11500385209190966
1101	26-27	-0.12616257641028028
1101	28-29	-0.09776493827885702
1101	30-31	-0.23356198848199483
1101	32-33	-0.20376820482033509
1101	34-35	-0.10762751331392195
1101	36-37	-0.1795921003347587
1101	38-39	-0.2216072225280712
1101	40-41	-0.38118417625344136
1101	42-43	-0.3328764481387907
1101	44-45	-0.16701271075398694
1101	46-47	-0.24621027132133833
1101	48-49	-0.11289135870283928
1101	50-51	-0.1904308584231913
1101	52-53	-0.20628539420665248
1101	54-55	-0.18791544158865747
1101	56-57	-0.33988660216009237
1101	58-59	-0.3120254869390706
1101	60-61	-0.19502415663343697
1101	62-63	-0.3219896541893661
1101	64-65	-0.3984803819312148
1101	66-67	-0.436276016540063
1101	68-69	-0.8345430641131415
1101	70-71	-0.9301246079185859
1101	72-73	-0.8722201941602634
1101	74-75	-0.7658784759717108
1101	76-77	-1.1374427108635743
1101	78-79	-1.2001416440864077
1101	80-81	-1.000972895790305
1101	82-83	-1.0802472760600494
1101	84-85	-0.6180047728573328
1101	86-87	-0.9002233822151027
1101	88-89	-0.8014396862897044
1101	90-91	-1.1027394350372433
1101	92-93	-1.040772148662505
1101	94-95	-0.7892629128368398
1101	96-97	-0.6864176355150207
1101	98-99	-1.1332259139480456
1101	100	-1.0098567750224348
1102	1	0.009279881957677816
1102	2	0.013472452988345651
1102	3	0.016818829929434287
1102	4	-0.001732618788544471
1102	5	0.04465255876461782
1102	6	0.04998421937116859
1102	7	0.07410684254714539
1102	8	-0.03445208570725811
1102	9	-0.07379849951954043
1102	10-11	0.006982580592605814
1102	12-13	0.021637798537831543
1102	14-15	-0.025377265167918495
1102	16-17	-0.04129536253277166
1102	18-19	0.03953489154977774
1102	20-21	0.026232376994919093
1102	22-23	0.007274498025466869
1102	24-25	-0.031592986691450164
1102	26-27	-0.16305895443358054
1102	28-29	-0.03665645860755262
1102	30-31	-0.07034080052153513
1102	32-33	-0.0599106632786075
1102	34-35	-0.009409126951460678
1102	36-37	0.05170560120183154
1102	38-39	-0.03510479194904548
1102	40-41	0.04850921066770297
1102	42-43	0.0024086383154866553
1102	44-45	-0.09245705088928702
1102	46-47	0.01063554334359651
1102	48-49	-0.1334636155326976
1102	50-51	-0.0796742939672086
1102	52-53	-0.16826836099806286
1102	54-55	-0.20761548863913504
1102	56-57	-0.06751837656008775
1102	58-59	-0.1473575855068603
1102	60-61	-0.14237009930154443
1102	62-63	0.003476289245597286
1102	64-65	-0.042325236649610076
1102	66-67	-0.2041112843892705
1102	68-69	-0.17329182917264774
1102	70-71	-0.08457458126986239
1102	72-73	-0.1406186589235645
1102	74-75	-0.14131641514907045
1102	76-77	-0.3288895817350621
1102	78-79	-0.3137129782469259
1102	80-81	-0.4535544256276651
1102	82-83	-0.24403208187497683
1102	84-85	-0.36035106170894693
1102	86-87	-0.29379082923099276
1102	88-89	-0.37321344709797444
1102	90-91	-0.32168182244078736
1102	92-93	-0.19987601220569218
1102	94-95	-0.29006250240824727
1102	96-97	-0.22453719701194075
1102	98-99	-0.30907988502018924
1102	100	-0.4449133739731508
1103	1	-0.07565693336495727
1103	2	-0.04135750808544714
1103	3	0.07138563854287128
1103	4	0.04945054982452746
1103	5	-0.02169481182859556
1103	6	7.156816158442325E-4
1103	7	0.02811892271925842
1103	8	-0.005779008901100724
1103	9	0.035757345412946506
1103	10-11	-0.001560558970901127
1103	12-13	0.0879550372850062
1103	14-15	0.08624826125382867
1103	16-17	0.02595705877987342
1103	18-19	0.035232277977669924
1103	20-21	0.026732514389507855
1103	22-23	0.0030542558864112834
1103	24-25	-0.06500481255419999
1103	26-27	0.011982652083702305
1103	28-29	-0.10829019705016663
1103	30-31	-0.08192922613433495
1103	32-33	0.022974232114847837
1103	34-35	0.015873742850367023
1103	36-37	-0.009577905905885586
1103	38-39	0.023562565484034792
1103	40-41	-0.0622576360213003
1103	42-43	-0.13065825654325636
1103	44-45	-0.1473803066299766
1103	46-47	-0.1965742080191859
1103	48-49	-0.09850040406978877
1103	50-51	-0.10254133535003263
1103	52-53	-0.24670852521636988
1103	54-55	-0.22745577427919272
1103	56-57	-0.08062250889381062
1103	58-59	-0.07598624082712746
1103	60-61	-0.04908813430925818
1103	62-63	-0.09789672708081554
1103	64-65	-0.15455915302938905
1103	66-67	-0.11331794760211267
1103	68-69	-0.15262351819249886
1103	70-71	-0.07370219021568403
1103	72-73	-0.03316128076397007
1103	74-75	-0.04645676639383822
1103	76-77	-0.0776955652554463
1103	78-79	-0.023442961835449694
1103	80-81	-0.06265896615067845
1103	82-83	0.016156810683455092
1103	84-85	-0.0056328251188304534
1103	86-87	-0.021173964571922
1103	88-89	-0.16091797573304945
1103	90-91	-0.04058040373177363
1103	92-93	-0.082739106351859
1103	94-95	-0.012567187867603025
1103	96-97	-0.02309483272168933
1103	98-99	-0.07172404821731959
1103	100	0.024292909388499595
1104	1	0.039085896636777306
1104	2	0.0044466102408122765
1104	3	-0.10801188642630422
1104	4	-0.06089363277384052
1104	5	-0.001368142310660403
1104	6	-0.0183046764662933
1104	7	-0.07501095200466068
1104	8	-0.04108776944428172
1104	9	0.012875306229403805
1104	10-11	-0.02863556693669267
1104	12-13	0.020943820866172302
1104	14-15	0.01978897174767269
1104	16-17	-0.15073922927459904
1104	18-19	-0.006844369751838997
1104	20-21	-0.07092353231494997
1104	22-23	-0.10831003943800965
1104	24-25	-0.05475930059500911
1104	26-27	-0.08409592794151166
1104	28-29	-0.053044747491583166
1104	30-31	-0.10063827508742662
1104	32-33	-0.024200824999837778
1104	34-35	-0.03812142118011508
1104	36-37	-0.045838816885385825
1104	38-39	0.0013554523221088743
1104	40-41	-0.004775028831680572
1104	42-43	-0.022096836038187462
1104	44-45	0.0015891434300954188
1104	46-47	0.015674006171195742
1104	48-49	0.005327316600642007
1104	50-51	-0.029534098795437558
1104	52-53	-0.07393689368280576
1104	54-55	-0.05682342722244016
1104	56-57	-0.036539813639066665
1104	58-59	-0.00200268589913577
1104	60-61	0.06842874194836668
1104	62-63	0.03441288413024779
1104	64-65	-0.05888664302471369
1104	66-67	0.020044747677488317
1104	68-69	0.05752382543947476
1104	70-71	-0.028207169810158916
1104	72-73	0.013233458030960321
1104	74-75	-0.12590146208057007
1104	76-77	-0.1133313774879312
1104	78-79	-0.10506593590645963
1104	80-81	0.14076958222629088
1104	82-83	0.09393230820661813
1104	84-85	0.09407012726887842
1104	86-87	0.09061207083465916
1104	88-89	0.20256708325675987
1104	90-91	0.14447267743680925
1104	92-93	0.11300077559654653
1104	94-95	-0.07134974732721844
1104	96-97	0.026320981063292948
1104	98-99	0.3397809824886977
1104	100	0.3337636077455599
1105	1	0.022978687609398918
1105	2	0.024729185737900394
1105	3	0.06739489348962735
1105	4	0.022326290739172805
1105	5	0.08398584864514902
1105	6	0.10276710326653671
1105	7	0.0931915260190479
1105	8	0.00418670021812062
1105	9	0.019061819399553315
1105	10-11	0.024880707924040735
1105	12-13	0.15523031633154716
1105	14-15	0.011026948222450983
1105	16-17	0.05516506889963324
1105	18-19	0.040427004845255965
1105	20-21	0.05550695018001761
1105	22-23	0.09953007644642753
1105	24-25	0.08617209803210812
1105	26-27	-6.99604508270113E-4
1105	28-29	0.06263884570715561
1105	30-31	0.04201686435899887
1105	32-33	0.026880693550928925
1105	34-35	-0.004345710685733195
1105	36-37	0.01740161435569121
1105	38-39	0.04844525477108874
1105	40-41	0.1106987678171123
1105	42-43	0.05292233359617171
1105	44-45	-0.022888108878468927
1105	46-47	-0.04049673584998459
1105	48-49	0.038915510512666174
1105	50-51	-0.09785641495515307
1105	52-53	0.007055862285547221
1105	54-55	0.10039138859634278
1105	56-57	0.08253037609493674
1105	58-59	-0.020240054694149023
1105	60-61	0.06120832737429538
1105	62-63	0.06512025594702209
1105	64-65	-0.036144647257252416
1105	66-67	0.015156271949528843
1105	68-69	0.03743205228874302
1105	70-71	0.009546906426258772
1105	72-73	0.09027085897049147
1105	74-75	0.05638902452044903
1105	76-77	-0.0588409254257769
1105	78-79	-0.0018828193767177481
1105	80-81	0.09994047140201445
1105	82-83	-0.04347346564361487
1105	84-85	0.052372056247641297
1105	86-87	0.02918957922447163
1105	88-89	0.09005556351845456
1105	90-91	-0.04675922814845279
1105	92-93	0.06663359246409328
1105	94-95	0.03808746856886103
1105	96-97	0.05198491761940005
1105	98-99	-0.09132239230085304
1105	100	0.14375224947094267
1106	1	-0.012455310576264367
1106	2	-0.023499518303562894
1106	3	-0.02774292135268297
1106	4	-0.08889403553013153
1106	5	-0.007514350715197793
1106	6	-0.08283241958704934
1106	7	-0.10266566324006732
1106	8	-0.0638541607985843
1106	9	-0.07790032436384564
1106	10-11	-0.0596784322383499
1106	12-13	0.027787146041227118
1106	14-15	-0.02573770116062235
1106	16-17	-0.08951443548472326
1106	18-19	-0.0440685325699377
1106	20-21	0.004106499724500168
1106	22-23	0.030937482133211347
1106	24-25	-0.14207441332289505
1106	26-27	-0.052299191765229125
1106	28-29	0.03032684612713865
1106	30-31	0.06699066968661782
1106	32-33	0.0013703407715368598
1106	34-35	-0.12613472984039475
1106	36-37	-0.14573831966318807
1106	38-39	-0.2543432499988185
1106	40-41	-0.17981852423307032
1106	42-43	-0.07708540406221687
1106	44-45	0.012716583192997177
1106	46-47	-0.08250290353845458
1106	48-49	-0.13102275343968728
1106	50-51	-0.2666849788917389
1106	52-53	-0.2100380316001349
1106	54-55	-0.04938957703851088
1106	56-57	-0.05020659214978451
1106	58-59	-0.09935788469443452
1106	60-61	-0.1187673588457443
1106	62-63	-0.18950209736065204
1106	64-65	-0.13532967948145114
1106	66-67	-0.20442764817381942
1106	68-69	-0.16523444167901147
1106	70-71	-0.1084643622087782
1106	72-73	-0.058647154530525825
1106	74-75	-0.10129442388927856
1106	76-77	-0.18102612824508668
1106	78-79	-0.03055583097803094
1106	80-81	0.004432909054088441
1106	82-83	-0.1512755835537547
1106	84-85	-0.008479001330250924
1106	86-87	-0.08115654979557263
1106	88-89	0.07974295565202993
1106	90-91	-0.0170718218739907
1106	92-93	0.07533234690561841
1106	94-95	-0.01309255059015868
1106	96-97	0.037472963583397245
1106	98-99	-0.08289306313078981
1106	100	-0.08558243345646588
1107	1	0.11023378021865682
1107	2	0.06577481686079878
1107	3	0.01042177478096562
1107	4	0.07473632318772161
1107	5	-0.03195906478446631
1107	6	0.036799081522097765
1107	7	0.011881983964940446
1107	8	-0.0688586609173214
1107	9	-0.01398865716113562
1107	10-11	0.031619266525034107
1107	12-13	-0.037332731765104654
1107	14-15	0.03995095071954324
1107	16-17	0.12152038167561585
1107	18-19	0.14126414414600674
1107	20-21	0.1842176457717244
1107	22-23	0.13273891834722917
1107	24-25	0.13027764866895808
1107	26-27	0.11620957699125256
1107	28-29	0.17141731327488685
1107	30-31	0.13060897951605455
1107	32-33	0.17818854688199082
1107	34-35	0.1577238626616122
1107	36-37	0.2672582510993493
1107	38-39	0.23878372460700348
1107	40-41	0.20036821479655487
1107	42-43	0.13641294436409623
1107	44-45	0.11493969891593991
1107	46-47	0.04902412692770497
1107	48-49	0.014781367515986688
1107	50-51	0.006367501071459003
1107	52-53	-0.011447208271079035
1107	54-55	-0.13407533773293068
1107	56-57	-0.04159840679787408
1107	58-59	-0.03617125650952602
1107	60-61	0.06589313224269233
1107	62-63	-0.049600573544765325
1107	64-65	-0.03190015880358743
1107	66-67	0.04891240708597877
1107	68-69	-3.1632905800194067E-4
1107	70-71	0.03209737099328436
1107	72-73	-0.09508253405935108
1107	74-75	-0.10670928531084911
1107	76-77	0.0027150770876431807
1107	78-79	-0.11226020773148804
1107	80-81	0.011122979595050708
1107	82-83	0.018109782896488014
1107	84-85	-0.07201891020932294
1107	86-87	-0.05622708485591943
1107	88-89	0.031439273632180686
1107	90-91	0.09847544929283458
1107	92-93	-0.13509407193101453
1107	94-95	-0.011929023211322942
1107	96-97	0.14752472452990872
1107	98-99	0.08351441486167488
1107	100	0.08542792205986416
1108	1	0.06919686808285519
1108	2	0.12082810981955916
1108	3	0.15908102158581272
1108	4	0.06623108131794453
1108	5	0.024544794338659415
1108	6	0.09449781760422837
1108	7	0.11837533267069489
1108	8	0.18714834795610358
1108	9	0.15301114741581046
1108	10-11	0.08557671990554638
1108	12-13	0.14251268313763177
1108	14-15	0.1414591232922362
1108	16-17	0.20633095229484866
1108	18-19	0.13415084956086076
1108	20-21	0.1942525230007277
1108	22-23	0.06815489463161839
1108	24-25	0.091130884029333
1108	26-27	0.20212177273957366
1108	28-29	0.20213189871284953
1108	30-31	0.14723402101934369
1108	32-33	0.13470954971722904
1108	34-35	0.2201680762911522
1108	36-37	0.06571207870729268
1108	38-39	0.2235582440125441
1108	40-41	0.18096269380609442
1108	42-43	0.24067017766868304
1108	44-45	0.2734003116893362
1108	46-47	0.17354396638509684
1108	48-49	0.23267559816468264
1108	50-51	0.09112843246800395
1108	52-53	0.07094094417433183
1108	54-55	0.22050681049995546
1108	56-57	0.16297374930657327
1108	58-59	0.18596900597449206
1108	60-61	-0.020022739741072826
1108	62-63	0.15164105387925986
1108	64-65	0.1509536420944002
1108	66-67	0.14259503956947128
1108	68-69	0.26045937992108037
1108	70-71	0.1119108729582905
1108	72-73	0.12691875467209712
1108	74-75	0.23819912058025494
1108	76-77	0.26016813216383383
1108	78-79	0.3227330215669255
1108	80-81	0.2591220629066555
1108	82-83	0.21036235176142526
1108	84-85	0.31470534786610216
1108	86-87	0.3682196477381652
1108	88-89	0.34963390293747665
1108	90-91	0.2923672977409737
1108	92-93	0.32131479567919286
1108	94-95	0.31882234065193416
1108	96-97	0.28660761909885935
1108	98-99	0.2789328451838671
1108	100	0.24551829236404643
1109	1	-0.014737034528799597
1109	2	-0.0012350985434501638
1109	3	-0.01834271791484099
1109	4	0.02458708840301682
1109	5	0.03964386113187146
1109	6	0.0995006344196625
1109	7	0.24900339834677965
1109	8	0.044977002512588626
1109	9	0.10358529872529232
1109	10-11	0.056485647487825474
1109	12-13	0.05988257041310163
1109	14-15	0.03722106282187099
1109	16-17	0.027800869398198813
1109	18-19	-0.09006602697861865
1109	20-21	-0.034290851473372186
1109	22-23	-9.724974786919915E-4
1109	24-25	0.007926867774401103
1109	26-27	0.0130937034608678
1109	28-29	-0.045441587054170895
1109	30-31	-0.024444655852988717
1109	32-33	-0.04438938280332394
1109	34-35	-0.06480940098436605
1109	36-37	-0.08190906913437601
1109	38-39	-0.09569455183999764
1109	40-41	-0.06035081098721662
1109	42-43	-0.04930069688447247
1109	44-45	-0.013533971322189586
1109	46-47	-0.023887461346234318
1109	48-49	0.04094691396910122
1109	50-51	0.11173749624224882
1109	52-53	0.0072673759558696815
1109	54-55	-0.020938086029865133
1109	56-57	0.03149539827552417
1109	58-59	0.02922405252628124
1109	60-61	0.06562612836479076
1109	62-63	0.0350447564694889
1109	64-65	-0.1287789126462897
1109	66-67	-0.035562961751708144
1109	68-69	-0.04688601891592015
1109	70-71	-0.03691588722885797
1109	72-73	-0.03458326201358375
1109	74-75	-0.05956451399422491
1109	76-77	-0.05353345868793724
1109	78-79	-0.2316747597028268
1109	80-81	-0.11739440401861145
1109	82-83	-0.42650117262608944
1109	84-85	-0.20367592639166787
1109	86-87	-0.0038087338994969855
1109	88-89	-0.0018874664737538183
1109	90-91	-0.13246543958536705
1109	92-93	-0.23018070638335075
1109	94-95	-0.03784986407367796
1109	96-97	-0.002874314581625015
1109	98-99	0.050789063628421616
1109	100	0.04256847069418512
1110	1	0.11905848949962916
1110	2	0.12370783370236538
1110	3	0.04442239725276664
1110	4	0.06509450093476943
1110	5	-0.011992751400626389
1110	6	0.12294252201176192
1110	7	0.07277910324395975
1110	8	0.11122435484774229
1110	9	0.10489878689239163
1110	10-11	0.10486509761037865
1110	12-13	0.10404423696819265
1110	14-15	0.1399970661915404
1110	16-17	0.15610777722319824
1110	18-19	0.07954593437617064
1110	20-21	0.11398831747135318
1110	22-23	0.12556600733220336
1110	24-25	0.14674505153675454
1110	26-27	0.11190582246677394
1110	28-29	0.10540249268353818
1110	30-31	0.09138460835188766
1110	32-33	0.08204227978142598
1110	34-35	0.042990511565982104
1110	36-37	-0.015387739276718548
1110	38-39	0.1525029904575561
1110	40-41	0.06367711943615006
1110	42-43	0.12598151536387547
1110	44-45	0.08380702582697808
1110	46-47	0.029478559838800322
1110	48-49	-0.06402093863755454
1110	50-51	-0.005485801860174888
1110	52-53	0.0765577703951692
1110	54-55	-0.0382991777697157
1110	56-57	-0.049169465468530404
1110	58-59	0.03866498844674737
1110	60-61	-0.051144666613431866
1110	62-63	0.06799287083931205
1110	64-65	0.05229631590366779
1110	66-67	0.1252367387994866
1110	68-69	0.13848835252519365
1110	70-71	0.05253584158703717
1110	72-73	0.04111728825439087
1110	74-75	0.22170443110543658
1110	76-77	0.007745134465231729
1110	78-79	0.08448661326132623
1110	80-81	0.09482380796379886
1110	82-83	0.061709919485679166
1110	84-85	-0.010367190306432406
1110	86-87	0.04655053725113589
1110	88-89	0.09831897699871917
1110	90-91	0.126148769378851
1110	92-93	0.049400526717157334
1110	94-95	0.045668358322728864
1110	96-97	0.11359870527191873
1110	98-99	0.1233816005608972
1110	100	0.13906434786856892
1111	1	0.05223497717243575
1111	2	0.03153434082025797
1111	3	0.052508595330053254
1111	4	-0.007045987941900478
1111	5	0.06749425600089154
1111	6	-5.536964147410117E-4
1111	7	-0.07452484200264564
1111	8	-0.10767059308402338
1111	9	-0.029394678444582212
1111	10-11	-7.445847411631235E-4
1111	12-13	-0.11929265871697936
1111	14-15	-0.08072732203142863
1111	16-17	-0.0817845614135706
1111	18-19	-0.03563280790462642
1111	20-21	-0.03472117761287308
1111	22-23	-0.05072450532443895
1111	24-25	0.06238117517776942
1111	26-27	0.08818928318398633
1111	28-29	0.09066808064343945
1111	30-31	0.09473542136076674
1111	32-33	0.046954604280252
1111	34-35	0.11897266249575722
1111	36-37	0.03864105074981694
1111	38-39	0.00822294160951742
1111	40-41	0.07328474828770482
1111	42-43	0.013147504239299224
1111	44-45	-0.0355885207842519
1111	46-47	-0.027857113716628135
1111	48-49	0.08191931556667242
1111	50-51	0.1845232294216359
1111	52-53	0.11869901091105106
1111	54-55	0.1294273311440648
1111	56-57	0.10639871803856948
1111	58-59	0.05152846909206943
1111	60-61	0.06886691838387549
1111	62-63	-0.006645541159919333
1111	64-65	0.09216179648212375
1111	66-67	0.11166684502290991
1111	68-69	0.04832435274565938
1111	70-71	-0.08604084480957397
1111	72-73	0.06234888973667552
1111	74-75	-0.02266702202448556
1111	76-77	0.08710822976967592
1111	78-79	0.04244097258295909
1111	80-81	0.06981947694281843
1111	82-83	0.14160425186285863
1111	84-85	0.04179833179407666
1111	86-87	0.009761436220919961
1111	88-89	0.07725132730254103
1111	90-91	0.14768613552359966
1111	92-93	0.06606514592171919
1111	94-95	0.06878271539021341
1111	96-97	-0.06539139971915375
1111	98-99	0.023553986033071794
1111	100	0.04338710158976511
1112	1	-0.08594200062725577
1112	2	0.01811076113221688
1112	3	-0.11910559487383665
1112	4	0.07997988966420166
1112	5	0.0591183564429727
1112	6	0.18950927141185048
1112	7	0.00369756181451919
1112	8	0.13966993704005404
1112	9	0.15889604610285346
1112	10-11	-0.011924737942251795
1112	12-13	0.0555298409613556
1112	14-15	0.056073326013681424
1112	16-17	0.07321140180953023
1112	18-19	0.09904443164714394
1112	20-21	0.03640059456165545
1112	22-23	0.043182598715375775
1112	24-25	0.07917782573333909
1112	26-27	0.06916696403109768
1112	28-29	0.06479378450116968
1112	30-31	0.06297143825040763
1112	32-33	0.11548659254511762
1112	34-35	0.0765485337667755
1112	36-37	-0.002130008015242879
1112	38-39	0.12074221942915386
1112	40-41	0.210172565177146
1112	42-43	0.1623941100563897
1112	44-45	0.09198030822633285
1112	46-47	0.1713415713352191
1112	48-49	0.005236180945566105
1112	50-51	0.07008522046608334
1112	52-53	0.06342037508627385
1112	54-55	0.021750668134394857
1112	56-57	-0.1251967910225673
1112	58-59	-0.0908294358698285
1112	60-61	-0.10776568286212296
1112	62-63	-0.08220505710028192
1112	64-65	0.005986824302489424
1112	66-67	-0.0554799296316304
1112	68-69	-0.17282856939954883
1112	70-71	0.005019089050136927
1112	72-73	-0.14739717637021243
1112	74-75	0.0793388042919645
1112	76-77	0.2185743164238616
1112	78-79	0.08664698963956852
1112	80-81	0.17273382360865241
1112	82-83	0.13974699072267782
1112	84-85	-0.039221307960410456
1112	86-87	-0.11209358553937676
1112	88-89	-0.09865319555731134
1112	90-91	0.018252295939809926
1112	92-93	-0.02416492580719165
1112	94-95	0.12505569481640322
1112	96-97	0.0666692815827119
1112	98-99	0.01710360941455491
1112	100	0.06349619278458363
1113	1	0.13828172421581186
1113	2	0.09346645365505424
1113	3	0.04169381547023221
1113	4	0.0886290574976698
1113	5	0.012737849727820105
1113	6	-0.05343944371372089
1113	7	-0.15887994124794602
1113	8	-0.03910513144014516
1113	9	-0.03671144276501792
1113	10-11	-0.07146924902291829
1113	12-13	-0.033711605477115825
1113	14-15	-0.10029045250509228
1113	16-17	-0.10454236339547407
1113	18-19	-0.026113182304875693
1113	20-21	0.028153997046118207
1113	22-23	-0.01306344655442615
1113	24-25	-0.015935046911913275
1113	26-27	0.09611347314278618
1113	28-29	0.06915216625291265
1113	30-31	0.04883322984741767
1113	32-33	0.08807218383032023
1113	34-35	0.05688548284164341
1113	36-37	-0.061029717764583324
1113	38-39	-0.010064690273473786
1113	40-41	-0.2583573947726663
1113	42-43	-0.1649719276719921
1113	44-45	-0.12539464906246423
1113	46-47	-0.02953625691388595
1113	48-49	0.09839554367575687
1113	50-51	0.05385280814437721
1113	52-53	0.0653695798598335
1113	54-55	0.10817741305896789
1113	56-57	0.017866925813919465
1113	58-59	-0.04547666045149157
1113	60-61	-0.05353452299019068
1113	62-63	-0.004019174451009633
1113	64-65	0.06338749862619864
1113	66-67	-0.057036485706476014
1113	68-69	-0.07564966429600162
1113	70-71	-0.1680729897616544
1113	72-73	-0.06520809109154158
1113	74-75	-0.2832421824712057
1113	76-77	-0.1354356136076902
1113	78-79	-0.035183027044091375
1113	80-81	-0.16605061721408987
1113	82-83	-0.057178544432389344
1113	84-85	0.009882463021888555
1113	86-87	0.029177183366321913
1113	88-89	0.0020003150257892344
1113	90-91	-0.09741929994893184
1113	92-93	-0.03867939368057449
1113	94-95	-0.1700242063830757
1113	96-97	-0.16373476089567163
1113	98-99	-0.07775877822187027
1113	100	-0.22748846977768267
1114	1	-0.1196807339895507
1114	2	-0.0851744845920166
1114	3	-0.11760944161732567
1114	4	0.024922648699394756
1114	5	0.025377044969474127
1114	6	-0.03820488289606061
1114	7	-0.013195177619607534
1114	8	0.038669852694447115
1114	9	-0.027118613058647156
1114	10-11	-0.009911954542310752
1114	12-13	-0.06724465228861476
1114	14-15	0.028335130553600152
1114	16-17	0.032869245076284415
1114	18-19	0.06473202610494866
1114	20-21	-0.024361348697624408
1114	22-23	-0.021879161901161126
1114	24-25	0.024378348145667417
1114	26-27	-0.01508122214035268
1114	28-29	-0.004081877863868044
1114	30-31	0.03236994793238068
1114	32-33	-0.1388268686434344
1114	34-35	-0.22767936171468506
1114	36-37	0.020798641431127862
1114	38-39	-0.013895266838169107
1114	40-41	0.10873195271128822
1114	42-43	0.1037135088578296
1114	44-45	0.10843568647927526
1114	46-47	0.020506788477426596
1114	48-49	0.018557117065164164
1114	50-51	-0.036663463026208376
1114	52-53	-0.1165314471237835
1114	54-55	0.013515056355501542
1114	56-57	-0.1828236608825904
1114	58-59	-0.07562171490420866
1114	60-61	-0.12962612429204512
1114	62-63	-0.1871041792162771
1114	64-65	-0.08060978245757866
1114	66-67	-0.21260872538316278
1114	68-69	0.018720642022010736
1114	70-71	0.03751852541986267
1114	72-73	-0.04451245029982687
1114	74-75	-0.046001556781526176
1114	76-77	-0.10631583535050737
1114	78-79	-0.10018163651892564
1114	80-81	-0.19246424270185258
1114	82-83	-0.13832787104865218
1114	84-85	-0.19142539675990378
1114	86-87	-0.14984227911069326
1114	88-89	-0.03378270851178655
1114	90-91	0.08648551527394233
1114	92-93	0.057389813169656634
1114	94-95	-0.15282109268729016
1114	96-97	-0.2044580585438922
1114	98-99	-0.18934080921341234
1114	100	-0.3392612191524975
1115	1	0.08931968537928725
1115	2	0.07785234241548267
1115	3	0.13032600295306906
1115	4	0.12907437756035023
1115	5	0.03737238052210046
1115	6	-0.011438306384178532
1115	7	0.010791097680858286
1115	8	0.11424678847771474
1115	9	0.036210387008154044
1115	10-11	0.10033439904697872
1115	12-13	0.06378488507242253
1115	14-15	0.10926961203488617
1115	16-17	0.13948412009902
1115	18-19	0.024011307172429497
1115	20-21	0.03571082452572227
1115	22-23	0.10962928026459906
1115	24-25	0.08229027787950116
1115	26-27	0.08426545023995402
1115	28-29	0.07762001143490238
1115	30-31	0.06551283189029533
1115	32-33	0.1804757015790983
1115	34-35	0.11986355788096148
1115	36-37	0.13248463241818342
1115	38-39	0.07759436898708572
1115	40-41	0.10078386181837118
1115	42-43	0.014464328630104717
1115	44-45	0.058583532802295224
1115	46-47	0.05325749414004832
1115	48-49	0.1410671882164749
1115	50-51	0.07950885460612511
1115	52-53	0.20280038692289537
1115	54-55	0.17079314502694842
1115	56-57	0.27413140637911226
1115	58-59	0.2233236454235339
1115	60-61	0.1923474184918632
1115	62-63	0.21815351600254473
1115	64-65	0.25341780479756437
1115	66-67	0.24199812108733454
1115	68-69	0.2708062134770799
1115	70-71	0.25180488871799867
1115	72-73	0.1760181083833956
1115	74-75	0.27494716302869193
1115	76-77	0.4386949511387357
1115	78-79	0.36011382319478713
1115	80-81	0.3123575699522121
1115	82-83	0.3145358122351496
1115	84-85	0.25238801555652657
1115	86-87	0.3630688226710319
1115	88-89	0.294586107123358
1115	90-91	0.19355391725932947
1115	92-93	0.25827221206818507
1115	94-95	0.329128815168481
1115	96-97	0.26134623959246284
1115	98-99	0.1982473255396613
1115	100	0.25709740492253985
1116	1	-0.4793715523862616
1116	2	-0.8412257800480276
1116	3	-0.8267132356289437
1116	4	-0.840984655051642
1116	5	-0.5613990935479833
1116	6	-0.9544928784739071
1116	7	-0.41391794996782494
1116	8	-0.6327464173752304
1116	9	-0.4285097499280113
1116	10-11	-0.3629631276676335
1116	12-13	-0.8602247714860809
1116	14-15	-0.7865518526127886
1116	16-17	-0.6764578622112154
1116	18-19	-0.8235212175597724
1116	20-21	-0.6592258908081732
1116	22-23	-0.7270176921814837
1116	24-25	-0.6504337938387721
1116	26-27	-0.7390387983759581
1116	28-29	-0.9681831959282476
1116	30-31	-0.6941980741279963
1116	32-33	-1.082330891324375
1116	34-35	-0.9076762719411278
1116	36-37	-0.6459468448811947
1116	38-39	-0.486914557932856
1116	40-41	-0.670618180125075
1116	42-43	-0.5874796478369291
1116	44-45	-0.6633601455422138
1116	46-47	-0.576303998091575
1116	48-49	-0.7928344239517955
1116	50-51	-0.34740896541752164
1116	52-53	-0.4956446538633159
1116	54-55	-0.5166641222644799
1116	56-57	-0.6008809972587699
1116	58-59	-0.649717939839725
1116	60-61	-1.0480326355009524
1116	62-63	-0.6939259081901241
1116	64-65	-0.6081975818934637
1116	66-67	-0.7831795773458481
1116	68-69	-0.9555737238780111
1116	70-71	-0.34977541091037523
1116	72-73	-0.3494319260639074
1116	74-75	-0.5019466439872318
1116	76-77	-0.728304528343692
1116	78-79	-0.640196702967522
1116	80-81	-0.5281250099000161
1116	82-83	-0.65219692375058
1116	84-85	-0.6212654825087256
1116	86-87	-0.6110655122089099
1116	88-89	-1.128681724846949
1116	90-91	-0.4758475158178257
1116	92-93	-0.6391954546943737
1116	94-95	-0.4114140093705245
1116	96-97	-0.6327642846549182
1116	98-99	-0.49327218755879443
1116	100	-0.24359893966009594
1117	1	0.0533665278939921
1117	2	0.12040338619227953
1117	3	0.11959326906649181
1117	4	0.006281160694456389
1117	5	-0.02950022699412358
1117	6	0.002940621201126703
1117	7	-0.10559259598327486
1117	8	-0.015076369796666711
1117	9	-0.0214168108023145
1117	10-11	-0.030383903941832102
1117	12-13	0.007459247910425404
1117	14-15	-0.06873387464241887
1117	16-17	0.043593093712424036
1117	18-19	0.06482651746782153
1117	20-21	0.02024638257145739
1117	22-23	0.04853053079425251
1117	24-25	0.04660633181511287
1117	26-27	0.009509087466852861
1117	28-29	-0.03924913908927863
1117	30-31	0.0036530200663804635
1117	32-33	0.07689611734559776
1117	34-35	0.04314031548154418
1117	36-37	0.044295539020531294
1117	38-39	-0.04723778136595058
1117	40-41	0.03191689064570369
1117	42-43	0.002328735213623645
1117	44-45	-0.007253476039629447
1117	46-47	-0.007218032410783337
1117	48-49	0.01160083416196045
1117	50-51	0.00878916420838749
1117	52-53	0.07784595255177607
1117	54-55	0.10122072945030425
1117	56-57	0.0677135624972891
1117	58-59	0.09240431698480478
1117	60-61	0.2367205528377454
1117	62-63	0.11715943267901707
1117	64-65	0.06432265663662662
1117	66-67	0.09114688553867012
1117	68-69	0.2435125694871445
1117	70-71	0.21504623531555467
1117	72-73	0.23070001815577967
1117	74-75	0.17912565383804946
1117	76-77	0.32925252642925074
1117	78-79	0.2700149670587422
1117	80-81	0.15163242928890242
1117	82-83	0.2601732916305153
1117	84-85	0.08794565457813519
1117	86-87	0.10642643992344603
1117	88-89	0.25287279167888954
1117	90-91	0.0315525721141654
1117	92-93	0.08883883717268048
1117	94-95	0.04250211026763395
1117	96-97	-0.08966605111486814
1117	98-99	0.0237019629697528
1117	100	-0.11193827752458674
1118	1	-0.0045657243368495415
1118	2	0.07683283370236538
1118	3	0.041376013604967454
1118	4	0.016745444330993564
1118	5	0.10711102218428437
1118	6	0.06309582389855706
1118	7	0.04447721645151148
1118	8	0.08498614730056886
1118	9	0.03493023343327195
1118	10-11	0.01941894981163017
1118	12-13	-0.011718341648155217
1118	14-15	0.06914407877015805
1118	16-17	0.07970250992759986
1118	18-19	0.04018862305541404
1118	20-21	9.773111820550184E-4
1118	22-23	0.010294780917107005
1118	24-25	-0.016089067960102454
1118	26-27	-0.02375652030052322
1118	28-29	-0.10499451989507236
1118	30-31	-0.03012679101918536
1118	32-33	0.03659220116507811
1118	34-35	0.10490088892446892
1118	36-37	0.03581116009435448
1118	38-39	-0.06221792149212746
1118	40-41	-0.04898994031227488
1118	42-43	-0.0030967079065646885
1118	44-45	-0.026894625116412385
1118	46-47	0.03611181455578105
1118	48-49	0.12451090098509354
1118	50-51	0.0612889622907673
1118	52-53	0.16534511316246636
1118	54-55	0.09854241028060073
1118	56-57	0.13675820748744627
1118	58-59	0.14971058593102526
1118	60-61	0.2148734151475793
1118	62-63	0.16621417587075626
1118	64-65	0.1923316932621617
1118	66-67	0.24812392433408093
1118	68-69	0.29409959466355673
1118	70-71	0.2930527441027593
1118	72-73	0.25691917504684625
1118	74-75	0.2906411449419082
1118	76-77	0.2828532319495096
1118	78-79	0.29055972646887795
1118	80-81	0.2968186979009104
1118	82-83	0.38138366162404225
1118	84-85	0.3294028568633749
1118	86-87	0.25527695234547565
1118	88-89	0.20302613108677292
1118	90-91	0.24127259013356905
1118	92-93	0.33959313678004577
1118	94-95	0.18830790234788708
1118	96-97	0.22454603231594206
1118	98-99	0.3752487389256842
1118	100	0.19114768120190462
1119	1	-0.04099441314307484
1119	2	-0.05259960665377861
1119	3	0.07370232001827048
1119	4	0.033723588611607624
1119	5	-0.011975711633077424
1119	6	0.13677671246874468
1119	7	0.08466865940703627
1119	8	0.11265452821453437
1119	9	-0.048721953632565373
1119	10-11	0.07615775771883193
1119	12-13	0.07776214618404964
1119	14-15	0.06971432742938077
1119	16-17	0.11756615724082309
1119	18-19	0.1075923413661144
1119	20-21	0.07091061799870602
1119	22-23	0.07465911822420424
1119	24-25	0.10905915467542826
1119	26-27	0.08456866662339735
1119	28-29	0.11487263527605052
1119	30-31	0.012575333302962122
1119	32-33	0.16159873696632587
1119	34-35	0.0807803976936512
1119	36-37	0.15623528224287497
1119	38-39	0.15943000609865976
1119	40-41	0.16674227017040266
1119	42-43	0.21885641826054325
1119	44-45	0.20769932422552273
1119	46-47	0.2088942405331622
1119	48-49	0.18760309126280816
1119	50-51	0.11927015598950419
1119	52-53	0.21939735662292748
1119	54-55	0.06884151188803855
1119	56-57	0.1536434500216899
1119	58-59	0.1959798572078526
1119	60-61	0.3301019254330555
1119	62-63	0.2131433296525529
1119	64-65	0.2957093953491352
1119	66-67	0.3934238896009674
1119	68-69	0.3668098000371103
1119	70-71	0.26593792221268586
1119	72-73	0.21244164699891854
1119	74-75	0.2324614262801461
1119	76-77	0.42181300315912296
1119	78-79	0.35687815163955605
1119	80-81	0.2842242088885243
1119	82-83	0.3145270832467162
1119	84-85	0.2975163165057424
1119	86-87	0.20108652337282962
1119	88-89	0.22683570491518168
1119	90-91	0.2355352070310417
1119	92-93	0.3142644560035208
1119	94-95	0.22199435568600023
1119	96-97	0.3529133704895031
1119	98-99	0.29243768613881826
1119	100	0.2837483138674628
1120	1	0.08511262777934547
1120	2	0.10300024235344196
1120	3	0.11880154222674122
1120	4	0.12119886337479358
1120	5	0.056927025550280064
1120	6	0.0861795587376335
1120	7	0.0963532262062543
1120	8	0.09644847360178943
1120	9	0.07349423488653883
1120	10-11	0.003973273007133571
1120	12-13	0.17080856006035816
1120	14-15	0.18527344696095582
1120	16-17	0.08158959909182784
1120	18-19	0.08168168079497207
1120	20-21	0.1424712356558402
1120	22-23	0.15550115464482417
1120	24-25	0.15694958359461708
1120	26-27	0.18510303584318422
1120	28-29	0.26985905256256615
1120	30-31	0.2306813662117264
1120	32-33	0.23273610615513007
1120	34-35	0.2636189708277499
1120	36-37	0.19248256047779932
1120	38-39	0.05339374615096659
1120	40-41	0.2136568775412968
1120	42-43	0.13434105477193725
1120	44-45	0.11177739613328441
1120	46-47	0.22954644965280124
1120	48-49	0.1640905071739951
1120	50-51	0.08082791321510996
1120	52-53	0.25367168746633695
1120	54-55	0.23261220844496933
1120	56-57	0.19768260445007968
1120	58-59	0.26268295421886734
1120	60-61	0.24353309657276156
1120	62-63	0.23008188437069776
1120	64-65	0.22254470096999057
1120	66-67	0.32692269320455125
1120	68-69	0.40761113997545095
1120	70-71	0.3041374185716066
1120	72-73	0.33987483314785294
1120	74-75	0.3445931937968183
1120	76-77	0.37331687710948813
1120	78-79	0.4964473482534615
1120	80-81	0.32770030776971026
1120	82-83	0.3944729959781341
1120	84-85	0.3263260532774055
1120	86-87	0.3335899007634495
1120	88-89	0.3159995430124951
1120	90-91	0.34086008734804096
1120	92-93	0.3054800730396252
1120	94-95	0.24442986155214896
1120	96-97	0.23890107945729966
1120	98-99	0.32935744952614954
1120	100	0.2595686366867298
1121	1	-0.0021738625650371546
1121	2	0.11846642019121845
1121	3	0.20158325008626576
1121	4	0.16314388928454093
1121	5	0.11315247155007313
1121	6	0.20097245287904286
1121	7	0.13293057230135474
1121	8	0.0628486853540906
1121	9	0.023859982647365996
1121	10-11	0.10488880022067804
1121	12-13	0.13069020701999534
1121	14-15	0.08346902454841398
1121	16-17	0.1151067238313388
1121	18-19	0.18967881968166012
1121	20-21	0.0395726304694719
1121	22-23	0.12239102166371651
1121	24-25	0.06779802690311243
1121	26-27	0.13196330760236208
1121	28-29	0.19882353408246445
1121	30-31	0.20567207943017252
1121	32-33	0.1684489491850485
1121	34-35	0.18433653333021738
1121	36-37	0.16432411006238112
1121	38-39	0.11948852028881873
1121	40-41	0.15684651866132526
1121	42-43	0.1599246557443763
1121	44-45	0.2368345540967951
1121	46-47	0.2325724198473651
1121	48-49	0.1671061085177712
1121	50-51	0.28890047256289364
1121	52-53	0.20048909956771155
1121	54-55	0.1733977596848888
1121	56-57	0.3432488164679768
1121	58-59	0.32529907032985506
1121	60-61	0.3677764642927599
1121	62-63	0.33044846320666466
1121	64-65	0.2820998487502564
1121	66-67	0.3367730126534383
1121	68-69	0.4331592361222931
1121	70-71	0.2872702287778779
1121	72-73	0.2910196968793741
1121	74-75	0.28357878567009465
1121	76-77	0.4985742453062727
1121	78-79	0.4839768907286768
1121	80-81	0.2957222339035255
1121	82-83	0.4465176586563331
1121	84-85	0.3240346521721662
1121	86-87	0.39642282771618653
1121	88-89	0.37424652836968875
1121	90-91	0.2779024521112987
1121	92-93	0.33511610819876836
1121	94-95	0.3375934739837092
1121	96-97	0.2850526201541257
1121	98-99	0.3125674123400586
1121	100	0.34980635792235404
>>END_MODULE
>>Per sequence quality scores	pass
#Quality	Count
26	1.0
27	62.0
28	713.0
29	3517.0
30	8239.0
31	14010.0
32	20354.0
33	28915.0
34	38855.0
35	50947.0
36	67386.0
37	89392.0
38	121572.0
39	180004.0
40	355613.0
41	1020420.0
>>END_MODULE
>>Per base sequence content	fail
#Base	G	A	T	C
1	26.861150000000002	12.529399999999999	15.524650000000001	45.0848
2	25.94208891313337	19.686929530394295	34.045951068926605	20.32503048754573
3	24.42145	24.04075	24.6736	26.8642
4	25.20705	29.380499999999998	19.2359	26.17655
5	25.272499999999997	32.2687	21.4086	21.0502
6	20.47825	34.497699999999995	21.81485	23.2092
7	19.0129	15.7809	41.42175	23.78445
8	22.61285	21.201249999999998	27.2561	28.9298
9	22.0424	19.321949999999998	30.035099999999996	28.600550000000002
10-11	24.139825000000002	29.71365	21.071125	25.0754
12-13	23.6204	22.7362	27.995475	25.647925
14-15	23.504050000000003	25.0012	26.63695	24.8578
16-17	24.8078	24.82845	25.325950000000002	25.037799999999997
18-19	24.533275	25.058000000000003	25.247249999999998	25.161475
20-21	24.602275000000002	25.273825	25.271475	24.852425
22-23	24.566374999999997	25.573924999999996	25.1609	24.698800000000002
24-25	24.406562354518957	25.747400655355378	25.160751083466554	24.685285906659114
26-27	24.4171	25.731975000000002	25.232925	24.618000000000002
28-29	24.57365	25.303925	25.321824999999997	24.8006
30-31	24.275675	25.501800000000003	25.438699999999997	24.783825
32-33	24.32493040616301	25.735482169352714	25.379731724664655	24.559855699819625
34-35	24.582825	25.514325	25.222224999999998	24.680625
36-37	24.4527	25.489575	25.313375	24.74435
38-39	24.490792349678962	25.48469508291148	25.4078448715734	24.616667695836163
40-41	24.53245	25.45735	25.336175	24.674025
42-43	24.41025	25.341475000000003	25.497525	24.75075
44-45	24.500925000000002	25.398125	25.461425	24.639525000000003
46-47	24.560675	25.469125	25.3191	24.6511
48-49	24.441525	25.40845	25.471549999999997	24.678475
50-51	24.469350000000002	25.42465	25.4961	24.6099
52-53	24.665125	25.351725000000002	25.389725000000002	24.593425
54-55	24.409425000000002	25.376575000000003	25.486124999999998	24.727874999999997
56-57	24.5014	25.457449999999998	25.504824999999997	24.536325
58-59	24.558325	25.456225	25.4077	24.57775
60-61	24.453225	25.387700000000002	25.53555	24.623524999999997
62-63	24.54735	25.410424999999996	25.550625	24.4916
64-65	24.594250000000002	25.47545	25.4326	24.497700000000002
66-67	24.456825	25.3946	25.53995	24.608625
68-69	24.463425	25.527525	25.543925	24.465125
70-71	24.546475	25.4093	25.5307	24.513525
72-73	24.443	25.37155	25.600299999999997	24.58515
74-75	24.4884	25.388824999999997	25.641825	24.48095
76-77	24.536175	25.4768	25.517725000000002	24.4693
78-79	24.413899999999998	25.402675000000002	25.542900000000003	24.640525
80-81	24.491925000000002	25.461525	25.608475000000002	24.438075
82-83	24.54185	25.492625000000004	25.509900000000002	24.455625
84-85	24.3923	25.429000000000002	25.606625	24.572074999999998
86-87	24.5119	25.4897	25.585575	24.412824999999998
88-89	24.609375	25.514125	25.506725000000003	24.369775
90-91	24.464675	25.42175	25.59015	24.523425
92-93	24.557925	25.509500000000003	25.562025	24.370549999999998
94-95	24.648675	25.516075	25.456675	24.378574999999998
96-97	24.604425	25.4531	25.50465	24.437825
98-99	24.6588	25.6206	25.418875000000003	24.301724999999998
100	24.6575	25.5169	25.328400000000002	24.4972
>>END_MODULE
>>Per sequence GC content	warn
#GC Content	Count
0	92.0
1	62.5
2	21.0
3	8.0
4	6.0
5	7.0
6	6.5
7	5.5
8	8.5
9	22.0
10	30.5
11	25.5
12	27.0
13	29.5
14	39.0
15	65.0
16	107.5
17	162.0
18	236.5
19	366.0
20	557.0
21	748.0
22	1022.0
23	1349.5
24	1717.5
25	2301.5
26	2930.5
27	3677.0
28	4651.0
29	5670.0
30	6868.0
31	8413.5
32	10008.5
33	11660.5
34	13464.0
35	15268.5
36	17882.5
37	21240.5
38	24794.0
39	29035.5
40	34045.5
41	40096.5
42	47033.5
43	55080.0
44	64161.0
45	73667.5
46	83697.5
47	93854.5
48	103305.0
49	111739.0
50	117541.0
51	118928.0
52	117489.0
53	114783.0
54	108780.0
55	99237.5
56	88061.5
57	75918.5
58	63933.5
59	52906.5
60	42435.5
61	32533.5
62	24312.0
63	17498.0
64	11744.0
65	7707.0
66	5124.0
67	3346.0
68	2112.0
69	1378.5
70	921.0
71	570.5
72	390.5
73	301.0
74	262.5
75	191.5
76	127.5
77	86.5
78	79.0
79	52.5
80	19.0
81	4.5
82	0.0
83	0.0
84	1.0
85	1.0
86	0.0
87	0.0
88	0.0
89	0.0
90	0.0
91	0.0
92	0.0
93	0.5
94	0.5
95	0.0
96	0.0
97	0.0
98	0.0
99	0.0
100	0.5
>>END_MODULE
>>Per base N content	pass
#Base	N-Count
1	0.0
2	1.5000000000000001E-4
3	0.0
4	0.0
5	0.0
6	0.0
7	0.0
8	0.0
9	0.0
10-11	0.0
12-13	0.0
14-15	0.0
16-17	0.0
18-19	0.0
20-21	0.0
22-23	0.0
24-25	0.00845
26-27	0.0
28-29	0.0
30-31	0.0
32-33	1.25E-4
34-35	0.0
36-37	0.0
38-39	2.75E-4
40-41	0.0
42-43	0.0
44-45	0.0
46-47	0.0
48-49	0.0
50-51	0.0
52-53	0.0
54-55	0.0
56-57	0.0
58-59	0.0
60-61	0.0
62-63	0.0
64-65	0.0
66-67	0.0
68-69	0.0
70-71	0.0
72-73	0.0
74-75	0.0
76-77	0.0
78-79	0.0
80-81	0.0
82-83	0.0
84-85	0.0
86-87	0.0
88-89	0.0
90-91	0.0
92-93	0.0
94-95	0.0
96-97	0.0
98-99	0.0
100	0.0
>>END_MODULE
>>Sequence Length Distribution	pass
#Length	Count
100	2000000.0
>>END_MODULE
>>Sequence Duplication Levels	pass
#Total Deduplicated Percentage	81.8728396165613
#Duplication Level	Percentage of deduplicated	Percentage of total
1	88.0621862139209	72.09901248176102
2	8.399833836645305	13.754364970268519
3	1.7621709684309157	4.328218232259147
4	0.6446920745676127	2.1113108329256938
5	0.34548691114395935	1.4142997232855277
6	0.20186053008045154	0.9916136882514516
7	0.14781745057856527	0.8471564096623495
8	0.1002955693339726	0.6569186449865633
9	0.06925301771682474	0.5102947091243223
>10	0.2652863065884259	3.232632163010861
>50	0.0011171209930580582	0.05417814446453933
>100	0.0	0.0
>500	0.0	0.0
>1k	0.0	0.0
>5k	0.0	0.0
>10k+	0.0	0.0
>>END_MODULE
>>Overrepresented sequences	pass
>>END_MODULE
>>Adapter Content	pass
#Position	Illumina Universal Adapter	Illumina Small RNA 3' Adapter	Illumina Small RNA 5' Adapter	Nextera Transposase Sequence	SOLID Small RNA Adapter
1	0.0	0.0	0.0	0.0	0.0
2	0.0	0.0	0.0	0.0	0.0
3	0.0	0.0	0.0	0.0	0.0
4	0.0	0.0	0.0	0.0	0.0
5	0.0	0.0	5.0E-5	0.0	0.0
6	0.0	0.0	5.0E-5	0.0	0.0
7	0.0	0.0	5.0E-5	0.0	0.0
8	0.0	0.0	5.0E-5	0.0	0.0
9	0.0	0.0	5.0E-5	0.0	0.0
10-11	0.0	0.0	5.0E-5	0.0	0.0
12-13	0.0	0.0	5.0E-5	0.0	0.0
14-15	0.0	0.0	5.0E-5	0.0	0.0
16-17	0.0	0.0	5.0E-5	0.0	0.0
18-19	0.0	0.0	5.0E-5	0.0	5.0E-5
20-21	0.0	0.0	5.0E-5	0.0	5.0E-5
22-23	0.0	0.0	5.0E-5	0.0	5.0E-5
24-25	0.0	0.0	5.0E-5	0.0	5.0E-5
26-27	0.0	0.0	5.0E-5	0.0	5.0E-5
28-29	0.0	0.0	7.500000000000001E-5	0.0	1.0E-4
30-31	0.0	0.0	1.0E-4	0.0	1.0E-4
32-33	0.0	0.0	1.0E-4	0.0	1.25E-4
34-35	0.0	0.0	1.0E-4	0.0	1.5E-4
36-37	0.0	0.0	1.0E-4	0.0	1.5E-4
38-39	0.0	0.0	1.5E-4	0.0	1.5E-4
40-41	0.0	0.0	1.5E-4	0.0	3.5E-4
42-43	0.0	0.0	1.5E-4	0.0	6.25E-4
44-45	0.0	0.0	1.5E-4	5.0E-5	8.749999999999999E-4
46-47	0.0	0.0	1.5E-4	7.500000000000001E-5	9.75E-4
48-49	0.0	0.0	1.5E-4	1.0E-4	0.00135
50-51	0.0	0.0	1.5E-4	1.25E-4	0.00135
52-53	0.0	0.0	1.5E-4	1.5E-4	0.001475
54-55	0.0	0.0	1.5E-4	1.5E-4	0.0015249999999999999
56-57	0.0	0.0	1.5E-4	1.5E-4	0.0015999999999999999
58-59	0.0	0.0	1.5E-4	1.5E-4	0.0017
60-61	0.0	0.0	1.5E-4	1.5E-4	0.0017
62-63	0.0	0.0	1.5E-4	1.5E-4	0.0017499999999999998
64-65	0.0	0.0	1.5E-4	1.5E-4	0.0018
66-67	0.0	0.0	1.5E-4	1.5E-4	0.0019
68-69	0.0	0.0	1.5E-4	1.5E-4	0.001925
70-71	0.0	0.0	1.5E-4	1.5E-4	0.00195
72-73	0.0	0.0	1.5E-4	1.5E-4	0.001975
74-75	0.0	0.0	1.5E-4	1.75E-4	0.002325
76-77	5.0E-5	0.0	1.5E-4	2.0E-4	0.002675
78-79	5.0E-5	0.0	1.5E-4	2.0E-4	0.00295
80-81	5.0E-5	0.0	1.5E-4	2.0E-4	0.00355
82-83	5.0E-5	0.0	1.5E-4	2.0E-4	0.0036750000000000003
84-85	0.014675	0.0	1.5E-4	2.0E-4	0.0038
86-87	0.07502500000000001	0.0	1.5E-4	2.0E-4	0.00385
88-89	0.149225	0.0	1.75E-4	2.25E-4	0.003875
>>END_MODULE
