##FastQC	0.11.7
>>Basic Statistics	pass
#Measure	Value
Filename	216_L8_1.fq.gz
File type	Conventional base calls
Encoding	Sanger / Illumina 1.9
Total Sequences	2000000
Sequences flagged as poor quality	0
Sequence length	100
%GC	49
>>END_MODULE
>>Per base sequence quality	pass
#Base	Mean	Median	Lower Quartile	Upper Quartile	10th Percentile	90th Percentile
1	31.239203	32.0	32.0	32.0	32.0	32.0
2	31.636415	32.0	32.0	32.0	32.0	32.0
3	35.7111375	37.0	37.0	37.0	32.0	37.0
4	36.1527175	37.0	37.0	37.0	32.0	37.0
5	36.402376	37.0	37.0	37.0	37.0	37.0
6	40.442962	42.0	42.0	42.0	37.0	42.0
7	40.5566935	42.0	42.0	42.0	37.0	42.0
8	40.823696	42.0	42.0	42.0	37.0	42.0
9	40.893508	42.0	42.0	42.0	37.0	42.0
10-11	40.8848775	42.0	42.0	42.0	37.0	42.0
12-13	40.907779250000004	42.0	42.0	42.0	37.0	42.0
14-15	40.894735	42.0	42.0	42.0	37.0	42.0
16-17	40.859674999999996	42.0	42.0	42.0	37.0	42.0
18-19	40.82711175	42.0	42.0	42.0	37.0	42.0
20-21	40.796705	42.0	42.0	42.0	37.0	42.0
22-23	40.787454249999996	42.0	42.0	42.0	37.0	42.0
24-25	40.73560175	42.0	42.0	42.0	37.0	42.0
26-27	40.65128249999999	42.0	42.0	42.0	37.0	42.0
28-29	40.596515	42.0	42.0	42.0	37.0	42.0
30-31	40.5499945	42.0	42.0	42.0	37.0	42.0
32-33	40.52312025	42.0	42.0	42.0	37.0	42.0
34-35	40.486498	42.0	42.0	42.0	37.0	42.0
36-37	40.43458975	42.0	42.0	42.0	37.0	42.0
38-39	40.360392000000004	42.0	42.0	42.0	37.0	42.0
40-41	40.322019	42.0	42.0	42.0	37.0	42.0
42-43	40.3004075	42.0	42.0	42.0	37.0	42.0
44-45	40.245777000000004	42.0	42.0	42.0	37.0	42.0
46-47	40.161903	42.0	42.0	42.0	37.0	42.0
48-49	40.095425500000005	42.0	42.0	42.0	37.0	42.0
50-51	40.070057000000006	42.0	42.0	42.0	37.0	42.0
52-53	39.99471	42.0	42.0	42.0	37.0	42.0
54-55	39.96735775	42.0	42.0	42.0	37.0	42.0
56-57	39.897859249999996	42.0	42.0	42.0	37.0	42.0
58-59	39.81103925	42.0	42.0	42.0	34.5	42.0
60-61	39.71130775	42.0	42.0	42.0	32.0	42.0
62-63	39.659555499999996	42.0	42.0	42.0	32.0	42.0
64-65	39.57628925	42.0	42.0	42.0	32.0	42.0
66-67	39.4132115	42.0	37.0	42.0	32.0	42.0
68-69	39.20725899999999	42.0	37.0	42.0	32.0	42.0
70-71	39.101240000000004	42.0	37.0	42.0	32.0	42.0
72-73	38.9109165	42.0	37.0	42.0	32.0	42.0
74-75	38.772949499999996	42.0	37.0	42.0	32.0	42.0
76-77	37.350724	39.5	34.5	42.0	29.5	42.0
78-79	37.68187225	42.0	37.0	42.0	29.5	42.0
80-81	38.372951	42.0	37.0	42.0	32.0	42.0
82-83	38.25544475	42.0	37.0	42.0	32.0	42.0
84-85	38.332062	42.0	37.0	42.0	32.0	42.0
86-87	38.26017125	42.0	37.0	42.0	32.0	42.0
88-89	38.108318749999995	42.0	37.0	42.0	32.0	42.0
90-91	37.98427675000001	42.0	37.0	42.0	29.5	42.0
92-93	37.855206249999995	42.0	37.0	42.0	27.0	42.0
94-95	37.93632625	42.0	37.0	42.0	27.0	42.0
96-97	37.81530575	42.0	37.0	42.0	27.0	42.0
98-99	37.80405075	42.0	37.0	42.0	27.0	42.0
100	37.74293	42.0	37.0	42.0	27.0	42.0
>>END_MODULE
>>Per tile sequence quality	pass
#Tile	Base	Mean
1101	1	0.07353151611685149
1101	2	0.010106949221011519
1101	3	0.09714566305896
1101	4	-0.0050206073623044745
1101	5	-0.04194477913142691
1101	6	0.0068386321740234735
1101	7	-0.07493685724798382
1101	8	-0.08590721654921651
1101	9	0.020813967997092675
1101	10-11	-0.00801443659115364
1101	12-13	0.04374981530908428
1101	14-15	0.006042399335193238
1101	16-17	-0.08250010965046073
1101	18-19	-0.10869015958068218
1101	20-21	-0.16400647788201184
1101	22-23	-0.12457526789272322
1101	24-25	-0.10732246857836003
1101	26-27	-0.16140609726951283
1101	28-29	-0.2109691873061479
1101	30-31	-0.3385811129358345
1101	32-33	-0.2366642479645762
1101	34-35	-0.1789762838628306
1101	36-37	-0.3430192917692807
1101	38-39	-0.35165866833129655
1101	40-41	-0.43193376919732884
1101	42-43	-0.39150722511394065
1101	44-45	-0.29774497451288084
1101	46-47	-0.38433640107090383
1101	48-49	-0.2963616455760203
1101	50-51	-0.3022278585127509
1101	52-53	-0.3599782543759247
1101	54-55	-0.4593146130655157
1101	56-57	-0.6073627798873673
1101	58-59	-0.6998103269081639
1101	60-61	-0.6313714325482707
1101	62-63	-0.8947857455020909
1101	64-65	-1.075618274805933
1101	66-67	-1.2722304533914723
1101	68-69	-1.8754848191629705
1101	70-71	-1.8627148635630064
1101	72-73	-1.9769667297951088
1101	74-75	-1.9990077099541281
1101	76-77	-2.143024223272988
1101	78-79	-2.206432328164034
1101	80-81	-1.9444213371434458
1101	82-83	-1.772565471419739
1101	84-85	-1.264152850714808
1101	86-87	-1.581074999158389
1101	88-89	-1.280012784788184
1101	90-91	-1.4921817495254999
1101	92-93	-1.1906623865194916
1101	94-95	-0.6426996783409251
1101	96-97	-0.48913873246709016
1101	98-99	-0.7246018903114049
1101	100	-0.3709750308252566
1102	1	-0.03302156134787637
1102	2	-0.050674857253181216
1102	3	-0.054783510590965534
1102	4	-0.025306870135047177
1102	5	0.014733183897646995
1102	6	0.03256722203558837
1102	7	0.0749560943952261
1102	8	-0.04143131776258002
1102	9	-0.06973695060101903
1102	10-11	0.013688125371444926
1102	12-13	-0.03222878373827598
1102	14-15	-0.03143810584650453
1102	16-17	-0.07601245068179452
1102	18-19	0.01362750680230107
1102	20-21	0.02109597436538735
1102	22-23	0.017804671619074952
1102	24-25	-0.03707128758907885
1102	26-27	-0.19190779750956466
1102	28-29	-0.12310244299870732
1102	30-31	-0.15460846266449124
1102	32-33	-0.23730549045314575
1102	34-35	-0.24333215626268867
1102	36-37	-0.0794768605199252
1102	38-39	-0.0965707701122227
1102	40-41	-0.09756116088028932
1102	42-43	-0.11834291715128842
1102	44-45	-0.21867640922322096
1102	46-47	-0.13934278230729547
1102	48-49	-0.2731604086272412
1102	50-51	-0.1693366444453801
1102	52-53	-0.2585687774810239
1102	54-55	-0.3699152681223481
1102	56-57	-0.2942104619674595
1102	58-59	-0.4169972678945726
1102	60-61	-0.512110565125603
1102	62-63	-0.5337135907129777
1102	64-65	-0.5353076874177916
1102	66-67	-0.6649468871328139
1102	68-69	-0.822019004937637
1102	70-71	-0.7580813802094966
1102	72-73	-0.8086066534071108
1102	74-75	-1.0010969574246573
1102	76-77	-1.2774375664765572
1102	78-79	-1.0842995980051455
1102	80-81	-1.2486588029493575
1102	82-83	-1.006400107829485
1102	84-85	-0.9703729827085255
1102	86-87	-0.9224369843626476
1102	88-89	-0.8517934676528967
1102	90-91	-0.5781932203425768
1102	92-93	-0.4698160808313787
1102	94-95	-0.4088653181577797
1102	96-97	-0.1875959375628966
1102	98-99	-0.0648812229101523
1102	100	-0.3285878471451511
1103	1	0.014686145602112788
1103	2	-0.07338139591683301
1103	3	0.1297328642668063
1103	4	-0.004202479105437362
1103	5	-0.01421418247666395
1103	6	0.012752532910745629
1103	7	0.03836787769137828
1103	8	0.02150732901166208
1103	9	0.023522285094863093
1103	10-11	-0.035277151509419014
1103	12-13	0.050283590468538364
1103	14-15	0.007492315292346063
1103	16-17	-0.040894077342692015
1103	18-19	-0.026967269059746002
1103	20-21	0.0100234966923054
1103	22-23	-0.06828632738667295
1103	24-25	-0.13886929314463003
1103	26-27	-0.07889525047508528
1103	28-29	-0.2003638023472547
1103	30-31	-0.17057282018107855
1103	32-33	-0.1185758040991658
1103	34-35	-0.13929109716621468
1103	36-37	-0.17125848457858694
1103	38-39	-0.1494026929106198
1103	40-41	-0.28385229551126656
1103	42-43	-0.29639407460842904
1103	44-45	-0.36234225494872874
1103	46-47	-0.38490927036585276
1103	48-49	-0.3285956819424811
1103	50-51	-0.3128763799041252
1103	52-53	-0.4455536310270176
1103	54-55	-0.3219744614591278
1103	56-57	-0.2493789649341096
1103	58-59	-0.26505728895999425
1103	60-61	-0.19520768878168582
1103	62-63	-0.2866709996925536
1103	64-65	-0.3966352806880664
1103	66-67	-0.4414206373576235
1103	68-69	-0.5070711984986644
1103	70-71	-0.39432575199533915
1103	72-73	-0.4338239998789817
1103	74-75	-0.4628094896806729
1103	76-77	-0.6567590323321397
1103	78-79	-0.4731519892363778
1103	80-81	-0.426973439781257
1103	82-83	-0.39801970952550647
1103	84-85	-0.2524135060472048
1103	86-87	-0.24007937400958212
1103	88-89	-0.30122063158508894
1103	90-91	-0.21796846407259807
1103	92-93	0.006592172267517071
1103	94-95	0.11041988682617188
1103	96-97	0.17475029737797598
1103	98-99	0.14024352612850066
1103	100	0.5563852712117523
1104	1	-0.007069627208910134
1104	2	-0.056079781939551765
1104	3	-0.12717351039957947
1104	4	-0.1373041910036008
1104	5	-0.0278983821162484
1104	6	-0.058509350195251386
1104	7	-0.04525376935418279
1104	8	-0.04092917886829639
1104	9	-0.015798338118038657
1104	10-11	-0.04739812088824635
1104	12-13	0.012304552465366214
1104	14-15	-0.004231738365959359
1104	16-17	-0.204623806134677
1104	18-19	-0.06130158105658978
1104	20-21	-0.07770974877047365
1104	22-23	-0.14623822914437312
1104	24-25	-0.02987155217545734
1104	26-27	-0.0941688644557317
1104	28-29	-0.07446340109863314
1104	30-31	-0.15939395086881802
1104	32-33	-0.14814574107057865
1104	34-35	-0.1211935213453117
1104	36-37	-0.1037380228012097
1104	38-39	-0.1302284227169963
1104	40-41	-0.10939946029988334
1104	42-43	-0.12271436295532112
1104	44-45	-0.07844511219013839
1104	46-47	-0.17060045702346827
1104	48-49	-0.0702889164853957
1104	50-51	-0.0638892754204079
1104	52-53	-0.1854090998947484
1104	54-55	-0.25783695882535085
1104	56-57	-0.25780390765793015
1104	58-59	-0.28173746311841796
1104	60-61	-0.23568262511292204
1104	62-63	-0.2648889549972253
1104	64-65	-0.34660545181706226
1104	66-67	-0.33161266408242795
1104	68-69	-0.4174106226483545
1104	70-71	-0.5817965531181244
1104	72-73	-0.5792297941100202
1104	74-75	-0.6785315455481893
1104	76-77	-0.7603006828994765
1104	78-79	-0.8818656435632377
1104	80-81	-0.6177818700717168
1104	82-83	-0.6074738067578025
1104	84-85	-0.6031143756849389
1104	86-87	-0.6993837261225906
1104	88-89	-0.43879522767763035
1104	90-91	-0.33661411899915805
1104	92-93	-0.22482169422063691
1104	94-95	-0.3826015381935477
1104	96-97	-0.28452427069029085
1104	98-99	0.15315711617728311
1104	100	0.24236124139824256
1105	1	0.07731203869560943
1105	2	0.014296093302146318
1105	3	0.02007918154316002
1105	4	-0.012709848653130962
1105	5	0.09490951927415381
1105	6	0.06389217929736901
1105	7	0.1495811889481402
1105	8	0.008294651561271849
1105	9	0.08176076019685752
1105	10-11	0.05912355309995121
1105	12-13	0.07913992975562678
1105	14-15	-0.07371006049299922
1105	16-17	0.02126254577584774
1105	18-19	0.04176826548290791
1105	20-21	0.00873182795702121
1105	22-23	-0.021184537948052196
1105	24-25	0.031139609125069967
1105	26-27	-0.0883781073429688
1105	28-29	7.224293248455638E-4
1105	30-31	-0.057639688324812255
1105	32-33	-0.07958176514256365
1105	34-35	-0.041336757208789265
1105	36-37	-0.08899690059585907
1105	38-39	-0.09747570391098037
1105	40-41	0.009436537193579397
1105	42-43	-0.002951874685258815
1105	44-45	-0.13204218803232948
1105	46-47	-0.15979919890558136
1105	48-49	-0.0951750605991819
1105	50-51	-0.1494196835285706
1105	52-53	-0.06012056481537087
1105	54-55	0.002007800660251746
1105	56-57	-0.11840737134049562
1105	58-59	-0.13574012259232404
1105	60-61	-0.09644253037843242
1105	62-63	-0.051101930795709904
1105	64-65	-0.18667609327950885
1105	66-67	-0.3155824487128669
1105	68-69	-0.3244371678473712
1105	70-71	-0.31048158898639855
1105	72-73	-0.33290276507594285
1105	74-75	-0.5333515030342468
1105	76-77	-0.9474381052630534
1105	78-79	-0.7799711243488687
1105	80-81	-0.6265801686465622
1105	82-83	-0.720869905681873
1105	84-85	-0.5582284931321624
1105	86-87	-0.3712124935756336
1105	88-89	-0.3603786567485088
1105	90-91	-0.4020972004051089
1105	92-93	-0.38174450134319216
1105	94-95	-0.39541267675505054
1105	96-97	-0.19168514642068857
1105	98-99	-0.28386752096527346
1105	100	0.0474599687992594
1106	1	-0.0568463739429923
1106	2	-0.13756774643509928
1106	3	-0.04360175938290922
1106	4	-0.05862017499745065
1106	5	-0.018968024762379798
1106	6	-0.1447968074595707
1106	7	-0.04929537639917925
1106	8	-0.07982381980023945
1106	9	-0.06301438410620364
1106	10-11	-0.02640951837132377
1106	12-13	0.04636457919117731
1106	14-15	-0.0067712459908051414
1106	16-17	-0.10920808719480846
1106	18-19	-0.04459600973400768
1106	20-21	-0.04484798603824913
1106	22-23	-0.03887259146188882
1106	24-25	-0.1770874039754915
1106	26-27	-0.07304392609814414
1106	28-29	-0.0596298477314221
1106	30-31	-0.007111681404531112
1106	32-33	-0.09029201989563518
1106	34-35	-0.28405127157899557
1106	36-37	-0.1815521548317136
1106	38-39	-0.27754858410173
1106	40-41	-0.2320123558586431
1106	42-43	-0.2203762570099812
1106	44-45	-0.12553212164282002
1106	46-47	-0.1917268296132093
1106	48-49	-0.26471155830118676
1106	50-51	-0.3900832574178139
1106	52-53	-0.26389502921980323
1106	54-55	-0.10695916735122779
1106	56-57	-0.08219523727807854
1106	58-59	-0.14994012932739054
1106	60-61	-0.2605368184114525
1106	62-63	-0.3150685780341007
1106	64-65	-0.24866870762536308
1106	66-67	-0.34032734446473256
1106	68-69	-0.34838296639423305
1106	70-71	-0.3005021843334532
1106	72-73	-0.24631761244992845
1106	74-75	-0.4374285114148009
1106	76-77	-0.8003376971289953
1106	78-79	-0.6637820945233628
1106	80-81	-0.43432647618977427
1106	82-83	-0.5844249519414078
1106	84-85	-0.4016683483344963
1106	86-87	-0.41180515829417175
1106	88-89	-0.3471648810918282
1106	90-91	-0.36171045602742424
1106	92-93	-0.4122684477361247
1106	94-95	-0.23993525804998228
1106	96-97	-0.26800909738162204
1106	98-99	-0.19614885642275226
1106	100	-0.1832666161491332
1107	1	0.05292155766316853
1107	2	0.015964809390084156
1107	3	-0.01650763184219528
1107	4	0.03472144922175602
1107	5	-0.018716276486784977
1107	6	0.07936995661506074
1107	7	0.010599447628990788
1107	8	-0.04502009668792084
1107	9	-0.0019309145438128894
1107	10-11	0.047313576901999
1107	12-13	-0.03228032416844684
1107	14-15	0.007538024828647849
1107	16-17	0.12514091281219208
1107	18-19	0.10763125728398393
1107	20-21	0.1831892100370709
1107	22-23	0.0967607585870951
1107	24-25	0.08743850562701283
1107	26-27	0.12356609681182817
1107	28-29	0.09852819547300129
1107	30-31	0.08772898505917226
1107	32-33	0.13776195655632506
1107	34-35	0.11146644969227282
1107	36-37	0.11689373506060008
1107	38-39	0.09175723686552573
1107	40-41	0.06697590062469772
1107	42-43	0.06042484186551178
1107	44-45	-0.0313984664874738
1107	46-47	-0.022210863200868403
1107	48-49	-0.0532945698724987
1107	50-51	-0.04809669005485517
1107	52-53	-0.048080369640267406
1107	54-55	-0.16205925569094148
1107	56-57	-0.1396791952758889
1107	58-59	-0.1055657612556331
1107	60-61	-0.10176787098390605
1107	62-63	-0.06957102352652811
1107	64-65	-0.2038523426328993
1107	66-67	-0.17774633403504225
1107	68-69	-0.1797540818293939
1107	70-71	-0.09202716582909432
1107	72-73	-0.33913031616597067
1107	74-75	-0.4763939526482517
1107	76-77	-0.46276149868425165
1107	78-79	-0.645763015381938
1107	80-81	-0.5839063747478193
1107	82-83	-0.6646617177040284
1107	84-85	-0.5722482607222616
1107	86-87	-0.7268129815586803
1107	88-89	-0.6532541686092586
1107	90-91	-0.6064979727912245
1107	92-93	-0.6608674828384196
1107	94-95	-0.47156381467993924
1107	96-97	-0.3428776676745855
1107	98-99	-0.4698306283017004
1107	100	-0.29857984889935096
1108	1	0.040707806845027505
1108	2	0.12454422715008562
1108	3	0.14543720567199614
1108	4	0.057968336889508976
1108	5	0.08888515290543353
1108	6	0.08322707842300048
1108	7	0.13162248042853975
1108	8	0.07898551752806782
1108	9	0.12788822179309278
1108	10-11	0.09709892472841375
1108	12-13	0.13839874864827095
1108	14-15	0.11585792794871708
1108	16-17	0.2004822632556369
1108	18-19	0.13300882143467163
1108	20-21	0.16459113628558697
1108	22-23	0.13756247910666275
1108	24-25	0.10949663626666961
1108	26-27	0.14653790120879506
1108	28-29	0.21832013079255574
1108	30-31	0.14126585857467688
1108	32-33	0.1772093445035665
1108	34-35	0.18122193790478747
1108	36-37	0.08444055235830206
1108	38-39	0.19335179833908
1108	40-41	0.20607312404453637
1108	42-43	0.24667471527853735
1108	44-45	0.3266128799410595
1108	46-47	0.25205718531361754
1108	48-49	0.20139091158394962
1108	50-51	0.24077145794845478
1108	52-53	0.1672375552436307
1108	54-55	0.2060876497713835
1108	56-57	0.20363501353747893
1108	58-59	0.21014602146195216
1108	60-61	-2.880255101302964E-4
1108	62-63	0.09554373331820898
1108	64-65	0.12207242301749943
1108	66-67	0.15846717439308833
1108	68-69	0.19648466057446967
1108	70-71	0.06920062428933704
1108	72-73	0.04309992434776433
1108	74-75	0.08723540034979038
1108	76-77	-0.11566627368533489
1108	78-79	-0.0394314321580751
1108	80-81	-0.09636135289965608
1108	82-83	-0.23779680470833142
1108	84-85	-0.25719613498391425
1108	86-87	-0.15119297336980253
1108	88-89	-0.2614986965618442
1108	90-91	-0.19295292682508602
1108	92-93	-0.1264838504227015
1108	94-95	-0.11316705171035579
1108	96-97	-0.1390015453943576
1108	98-99	-0.12499657188283209
1108	100	-0.17352240553564258
1109	1	-0.06213965740429117
1109	2	-0.05230429038133977
1109	3	-0.07386664021901623
1109	4	-0.009916920726361411
1109	5	0.024819342828983793
1109	6	0.07741582835986094
1109	7	0.16859450234393591
1109	8	0.05464396740580213
1109	9	0.026311678341116362
1109	10-11	0.05218866169015257
1109	12-13	0.022367616659693113
1109	14-15	-0.02039642482502302
1109	16-17	-0.026066611114103466
1109	18-19	-0.13277230461155654
1109	20-21	-0.017381546716606522
1109	22-23	-0.032979066113163924
1109	24-25	-0.024904816490135318
1109	26-27	-0.06612815042431208
1109	28-29	-0.05845889834576923
1109	30-31	-0.10898604149276281
1109	32-33	-0.16899169050580554
1109	34-35	-0.0961773243520625
1109	36-37	-0.136735599046915
1109	38-39	-0.15163801795306853
1109	40-41	-0.11417969708766407
1109	42-43	-0.18799412480382216
1109	44-45	-0.05864167190151193
1109	46-47	-0.06918355204328464
1109	48-49	-0.06523319297769348
1109	50-51	-0.02365063334391948
1109	52-53	-0.07475577372206743
1109	54-55	-0.12575303870966792
1109	56-57	0.030601672479093622
1109	58-59	-0.046602634823422306
1109	60-61	-0.0069148635542646275
1109	62-63	-0.0746831457281587
1109	64-65	-0.09639726503866797
1109	66-67	-0.07220708585821001
1109	68-69	-0.0712585562293171
1109	70-71	-0.13004397262598388
1109	72-73	0.02231412984028225
1109	74-75	-0.2595267227935878
1109	76-77	-0.14651757892322337
1109	78-79	-0.39495035558194047
1109	80-81	-0.227898498549699
1109	82-83	-0.5957610993361513
1109	84-85	-0.42485173921724595
1109	86-87	-0.31531640570274533
1109	88-89	-0.3571256445395079
1109	90-91	-0.4396645771057095
1109	92-93	-0.5703041930290738
1109	94-95	-0.301274657328257
1109	96-97	-0.4969777247286302
1109	98-99	-0.2619727348756413
1109	100	-0.16740215310448292
1110	1	0.009937582975979353
1110	2	0.06721986621705867
1110	3	0.06868656224443015
1110	4	7.001202771519388E-4
1110	5	-0.029963577885794734
1110	6	0.13216931156041767
1110	7	0.0779622956298951
1110	8	0.08411376543047311
1110	9	0.07052148575819217
1110	10-11	0.06050405651129864
1110	12-13	0.07344654252525373
1110	14-15	0.08037710041502066
1110	16-17	0.06804409546766266
1110	18-19	0.028256344946747447
1110	20-21	0.0409072499778631
1110	22-23	0.1161711453884351
1110	24-25	0.15526483277546532
1110	26-27	0.16240185344940272
1110	28-29	0.10488479650955895
1110	30-31	0.046829882392877664
1110	32-33	0.1004023829851306
1110	34-35	0.1336458859954277
1110	36-37	0.04975991585928341
1110	38-39	0.12062665305541032
1110	40-41	0.11056213513634816
1110	42-43	0.11552547545733205
1110	44-45	0.11301549006198286
1110	46-47	0.0734574756438775
1110	48-49	-0.04944694000185734
1110	50-51	0.06395854852468119
1110	52-53	0.14499178109259958
1110	54-55	-0.02934001318664059
1110	56-57	-0.031220842063191867
1110	58-59	0.07852408535207189
1110	60-61	-0.009390530037528322
1110	62-63	0.07270304451205334
1110	64-65	0.07035866293320936
1110	66-67	0.24592840409174244
1110	68-69	0.2549734058971822
1110	70-71	0.2767619245990858
1110	72-73	0.22959972744545354
1110	74-75	0.31296747284965676
1110	76-77	-0.09456514032057584
1110	78-79	0.13357476820224434
1110	80-81	0.1334455395161669
1110	82-83	1.0283848933312356E-4
1110	84-85	-0.03743381321493189
1110	86-87	-0.08443162925672709
1110	88-89	-0.05649396533745232
1110	90-91	-0.15843673071113074
1110	92-93	-0.2063771359980251
1110	94-95	-0.16120940351047608
1110	96-97	-0.2562918430674088
1110	98-99	-0.15285664570520652
1110	100	-0.22425243602891953
1111	1	0.03190214488774856
1111	2	-0.01178539423535696
1111	3	-0.010890615935842618
1111	4	-0.08941757600168643
1111	5	-0.01377453367061321
1111	6	0.004957750548285844
1111	7	-0.1042499148765117
1111	8	-0.14519334150190844
1111	9	-0.07444536052668127
1111	10-11	-0.0832437339584402
1111	12-13	-0.14603554445018574
1111	14-15	-0.11881860019664714
1111	16-17	-0.06602712840173552
1111	18-19	-0.10725826367583835
1111	20-21	-0.11661962592894781
1111	22-23	-0.0859794287700737
1111	24-25	0.07915723760806515
1111	26-27	0.07433818718018159
1111	28-29	0.0799934618324798
1111	30-31	0.14087091380368832
1111	32-33	0.029215739746547342
1111	34-35	0.06326291382627147
1111	36-37	0.09272123765894946
1111	38-39	0.07608217592295574
1111	40-41	0.0528223233445857
1111	42-43	0.030703791491873744
1111	44-45	0.07185271374225977
1111	46-47	-0.008502623641604146
1111	48-49	0.06833116348733626
1111	50-51	0.18018168858619532
1111	52-53	0.14134582184959754
1111	54-55	0.18862598108392348
1111	56-57	0.17276829819105188
1111	58-59	0.19299739200488375
1111	60-61	0.07750666307104126
1111	62-63	0.20127264218106689
1111	64-65	0.205020554295281
1111	66-67	0.29900645851650864
1111	68-69	0.20971307046793441
1111	70-71	0.08429864792924491
1111	72-73	0.23505239423911917
1111	74-75	0.24018392329363536
1111	76-77	0.3641203321967552
1111	78-79	0.16732498707244758
1111	80-81	0.09118882875794299
1111	82-83	0.14424394877672597
1111	84-85	0.09940635735038938
1111	86-87	0.009058382104385032
1111	88-89	0.001263437647679666
1111	90-91	0.017363324921134904
1111	92-93	-0.14692859621807486
1111	94-95	-0.1053708551881627
1111	96-97	-0.39293800281703994
1111	98-99	-0.33495765938839384
1111	100	-0.4544553313085018
1112	1	-0.09311850203312844
1112	2	0.0014296634486896664
1112	3	-0.09288777426139916
1112	4	-0.025609272995808396
1112	5	-0.0510945898087769
1112	6	0.037058535134860904
1112	7	-0.1103386462395548
1112	8	0.033502593252606516
1112	9	0.04884342195560265
1112	10-11	-0.1070133339579229
1112	12-13	-0.024838185961272075
1112	14-15	0.0034876830414134474
1112	16-17	0.01766947985908729
1112	18-19	0.05968875491236503
1112	20-21	-0.003957216301472499
1112	22-23	0.010307267666789244
1112	24-25	0.05399702411907725
1112	26-27	-0.04404460433645596
1112	28-29	-0.019782819077811098
1112	30-31	0.08059536691870761
1112	32-33	0.06796308470811141
1112	34-35	0.01107108356159614
1112	36-37	-0.12391072715819007
1112	38-39	-0.06136955373997921
1112	40-41	0.11070936395998388
1112	42-43	0.10538164319201115
1112	44-45	0.05768272926115969
1112	46-47	0.10054737960609827
1112	48-49	-0.026502965284500135
1112	50-51	0.053913266596822496
1112	52-53	-0.003826255615862806
1112	54-55	-0.12485163139448474
1112	56-57	-0.16796129603409327
1112	58-59	-0.09810218627930567
1112	60-61	-0.13578827557370943
1112	62-63	-0.06370341275587776
1112	64-65	0.04123984698559724
1112	66-67	-0.0021717232839790768
1112	68-69	-0.09432907800790957
1112	70-71	0.14652988028055347
1112	72-73	0.1384947617350747
1112	74-75	0.24795559778556253
1112	76-77	0.14654720221582807
1112	78-79	0.08314315381615955
1112	80-81	0.11429622057379873
1112	82-83	0.20384103104579054
1112	84-85	0.02367764980721887
1112	86-87	-0.07478290214446304
1112	88-89	-0.10202353516640983
1112	90-91	-0.11597504897923727
1112	92-93	-0.3395624097260068
1112	94-95	-0.19723095104424004
1112	96-97	-0.23827778442787206
1112	98-99	-0.38713551341343333
1112	100	-0.476251066894001
1113	1	0.06277571018845407
1113	2	-0.030031669627661017
1113	3	0.005366058502708881
1113	4	0.030392059718963083
1113	5	0.023255158898919603
1113	6	-0.057358181921138396
1113	7	-0.10208775342437093
1113	8	0.034869732869040604
1113	9	-0.04249269831585423
1113	10-11	-0.11629085528225858
1113	12-13	-0.03932492847795288
1113	14-15	-0.1267632792441944
1113	16-17	-0.13955198985311057
1113	18-19	-0.05005010846308977
1113	20-21	0.005555847513001311
1113	22-23	-0.03344288121225247
1113	24-25	0.035683899410649644
1113	26-27	0.06625211738642633
1113	28-29	0.06933869226750744
1113	30-31	0.04133140112029565
1113	32-33	0.05359477296583037
1113	34-35	0.07933341546017658
1113	36-37	-0.0515624430194066
1113	38-39	-0.0465361833048874
1113	40-41	-0.40436838148534093
1113	42-43	-0.22077202812190677
1113	44-45	-0.1468956353270059
1113	46-47	-0.08678367258343656
1113	48-49	0.07364727290774908
1113	50-51	0.044207335718652985
1113	52-53	0.07255409333825469
1113	54-55	0.0872851590208299
1113	56-57	0.005782327125650966
1113	58-59	-0.015399162528765942
1113	60-61	-0.12593023913008494
1113	62-63	0.01975245724514707
1113	64-65	0.025017727649945698
1113	66-67	-0.0042995847068851845
1113	68-69	-0.004970498202659712
1113	70-71	0.016193463686448695
1113	72-73	0.09945239778750192
1113	74-75	-0.16402239090193405
1113	76-77	-0.07055390417176
1113	78-79	-0.037750173730906056
1113	80-81	0.01102613713661782
1113	82-83	0.048795464941129296
1113	84-85	0.09931344188912306
1113	86-87	0.03495627159772141
1113	88-89	-0.06430722603834482
1113	90-91	-0.42251383989440683
1113	92-93	-0.20989483345202586
1113	94-95	-0.4913333726367526
1113	96-97	-0.5885749230767416
1113	98-99	-0.6516462640904805
1113	100	-0.9024095825154177
1114	1	-0.14536095653772207
1114	2	-0.10218159561642537
1114	3	-0.22176066630322566
1114	4	-0.03394483633269374
1114	5	0.009419634799094467
1114	6	-0.09300794808509494
1114	7	-0.02348810953608904
1114	8	-0.025256852894813164
1114	9	0.0032305056278332245
1114	10-11	2.3760274704898166E-4
1114	12-13	-0.10572658037517613
1114	14-15	-0.088355508977358
1114	16-17	-0.057850684050613665
1114	18-19	0.004301376779402233
1114	20-21	-0.10440182892334349
1114	22-23	-0.0674220646616348
1114	24-25	-0.057093612138992
1114	26-27	-0.030036842866230984
1114	28-29	0.004714776092065165
1114	30-31	0.10241227106591566
1114	32-33	-0.13639596351671202
1114	34-35	-0.19999290027902106
1114	36-37	0.025185737584536128
1114	38-39	0.04648394616148721
1114	40-41	0.1369043098819489
1114	42-43	0.188848443284499
1114	44-45	0.15270402474875766
1114	46-47	0.10487557343090259
1114	48-49	0.07845353531913446
1114	50-51	0.023049663236164974
1114	52-53	0.05792094455798491
1114	54-55	0.056035163359240414
1114	56-57	-0.13509545901797537
1114	58-59	-0.02204355136564118
1114	60-61	0.01977537885557723
1114	62-63	-0.16691288943344773
1114	64-65	-0.04554206714789899
1114	66-67	-0.1099166689028479
1114	68-69	0.19022651390411482
1114	70-71	0.2738650058403991
1114	72-73	0.33833814589703337
1114	74-75	0.22830715305125437
1114	76-77	0.039330562997726304
1114	78-79	0.0312226366713233
1114	80-81	-0.008852270508334925
1114	82-83	0.0511545618371656
1114	84-85	0.07759269666617286
1114	86-87	0.010191510973655227
1114	88-89	0.006660555396287293
1114	90-91	0.0741661846406032
1114	92-93	-0.07970230538971634
1114	94-95	-0.39255871713702106
1114	96-97	-0.5645282842756885
1114	98-99	-0.5554831478835212
1114	100	-0.683899468099888
1115	1	-0.02706992928275298
1115	2	-0.02366031292723747
1115	3	0.06525611428543954
1115	4	0.02384791614066728
1115	5	-0.002984699182192685
1115	6	-0.2017768758322589
1115	7	-0.20199336937881185
1115	8	-0.02555916595989771
1115	9	-0.0721970939946388
1115	10-11	-0.01396164021473112
1115	12-13	-0.015424622748398065
1115	14-15	0.01723552095746328
1115	16-17	0.059500227953442675
1115	18-19	-0.14297874639421337
1115	20-21	-0.10396068354546628
1115	22-23	-0.0049043505802330856
1115	24-25	-0.06515367907061886
1115	26-27	-0.06574850808812727
1115	28-29	-0.04263741178852598
1115	30-31	-0.019771100405513664
1115	32-33	0.04773892007434455
1115	34-35	-0.10069427584338797
1115	36-37	-0.08983549318597994
1115	38-39	-0.006276424140985171
1115	40-41	-0.10637011346931047
1115	42-43	-0.12460393381662982
1115	44-45	-0.08708347903128555
1115	46-47	-0.0886897060424019
1115	48-49	0.015052659576504368
1115	50-51	-0.037145763236360096
1115	52-53	0.07532918391532917
1115	54-55	0.07369612406487391
1115	56-57	0.12863607594876214
1115	58-59	0.05776472096998475
1115	60-61	0.1777291245574517
1115	62-63	0.23347263320718525
1115	64-65	0.26422703748379206
1115	66-67	0.20555559655872457
1115	68-69	0.38620328075860044
1115	70-71	0.48586453297501464
1115	72-73	0.4053329128981602
1115	74-75	0.5312111365747398
1115	76-77	0.8235168735574376
1115	78-79	0.687849308394803
1115	80-81	0.5535151080503837
1115	82-83	0.5336103705054782
1115	84-85	0.506371357326401
1115	86-87	0.5314987442736836
1115	88-89	0.489242472992629
1115	90-91	0.40545873846586744
1115	92-93	0.31825408496180785
1115	94-95	0.2409346184674419
1115	96-97	0.026975668065752245
1115	98-99	-0.03195760492430111
1115	100	0.1705353032659218
1116	1	-0.005938205477555414
1116	2	-0.10410607488309154
1116	3	-0.11587809321527232
1116	4	-0.16621568277655285
1116	5	-0.02997981037835018
1116	6	-0.09892367453186779
1116	7	-0.03672224093744347
1116	8	-0.038821164376919626
1116	9	-0.09701098943105535
1116	10-11	0.004092088890956802
1116	12-13	-0.06683702414510151
1116	14-15	-0.0179766886684547
1116	16-17	-0.05463671924670166
1116	18-19	-0.058100121839117946
1116	20-21	-0.04672594042596501
1116	22-23	-0.11052326734569817
1116	24-25	-0.06473566626458194
1116	26-27	-0.09469474714064319
1116	28-29	-0.016271819670002685
1116	30-31	0.09189158122428154
1116	32-33	-0.024065678789959577
1116	34-35	-0.05202074349709562
1116	36-37	0.07745372046109367
1116	38-39	0.03103438819665172
1116	40-41	0.11472780602616695
1116	42-43	0.09217802128162589
1116	44-45	0.04917311394818569
1116	46-47	0.05815294343013733
1116	48-49	0.07705694759454218
1116	50-51	0.18508503148203204
1116	52-53	0.20074896401975906
1116	54-55	0.24246136880687885
1116	56-57	0.26661620440218314
1116	58-59	0.19094502350816356
1116	60-61	0.1891115044020708
1116	62-63	0.33887167457584155
1116	64-65	0.3753701159963754
1116	66-67	0.26570885145802947
1116	68-69	0.31426206298992554
1116	70-71	0.5205044292114209
1116	72-73	0.46025967735712925
1116	74-75	0.5718956411093998
1116	76-77	0.7608489508640517
1116	78-79	0.7380430086460095
1116	80-81	0.7067039977892833
1116	82-83	0.7604161594811245
1116	84-85	0.6980677877905919
1116	86-87	0.6994364759995477
1116	88-89	0.4617572049572374
1116	90-91	0.6990790147424804
1116	92-93	0.46510902074492577
1116	94-95	0.4731410887255336
1116	96-97	0.3434548556034258
1116	98-99	0.29233498922330625
1116	100	0.2153272788112801
1117	1	0.06813234389450074
1117	2	0.09200014038621873
1117	3	0.1384189715116193
1117	4	0.021019471479334584
1117	5	0.017510451741905797
1117	6	0.1048196130807213
1117	7	-0.12654862523674382
1117	8	0.015478374441237008
1117	9	-0.03393969192267576
1117	10-11	-0.01000802105905052
1117	12-13	-0.04335419934284346
1117	14-15	-0.09711816705545573
1117	16-17	0.011965746415192768
1117	18-19	0.006316239985963534
1117	20-21	-0.01134732652258208
1117	22-23	0.048190364905210004
1117	24-25	-0.00947551873155561
1117	26-27	0.028532506529018065
1117	28-29	0.01137529912371349
1117	30-31	0.07453028743925216
1117	32-33	0.0857138817278269
1117	34-35	0.07189432715269106
1117	36-37	0.10580224769454816
1117	38-39	0.06237870484938668
1117	40-41	0.16240030065425515
1117	42-43	0.18846079005678007
1117	44-45	0.19064132740554385
1117	46-47	0.177462795314149
1117	48-49	0.22101429650700055
1117	50-51	0.212336188723512
1117	52-53	0.2447852173710885
1117	54-55	0.32319722344182367
1117	56-57	0.33101833752873944
1117	58-59	0.32843976706686817
1117	60-61	0.4635282340432454
1117	62-63	0.4467562202155335
1117	64-65	0.3594067506215666
1117	66-67	0.47320584620806727
1117	68-69	0.698313918267381
1117	70-71	0.7592497180661653
1117	72-73	0.8797976304742221
1117	74-75	0.8812777463512731
1117	76-77	1.3588262226103467
1117	78-79	1.102219470959831
1117	80-81	0.8399072535757455
1117	82-83	1.072793947193098
1117	84-85	0.9440946587924799
1117	86-87	0.9392489618059372
1117	88-89	0.9555887455265477
1117	90-91	0.8143883608637736
1117	92-93	0.7810016980523997
1117	94-95	0.7843734149596386
1117	96-97	0.6491976759728217
1117	98-99	0.6647882003562628
1117	100	0.39688987475083337
1118	1	0.009744512629602298
1118	2	0.09286669466194297
1118	3	0.02623325091602169
1118	4	0.037221527981962765
1118	5	0.09124723172080706
1118	6	0.06266966100611171
1118	7	-0.020464252493127333
1118	8	0.012177166674995021
1118	9	0.06035128095558662
1118	10-11	0.012401510170974461
1118	12-13	-0.07415628974030142
1118	14-15	0.00509832021020884
1118	16-17	0.0629516283132503
1118	18-19	0.059654326949569736
1118	20-21	-0.031215735600170547
1118	22-23	-0.03819859897961919
1118	24-25	0.0105676427614938
1118	26-27	-0.04730821171482802
1118	28-29	-0.0641604417169006
1118	30-31	-0.009055745824376515
1118	32-33	0.043022769116852544
1118	34-35	0.1613634105205506
1118	36-37	0.13107812175990574
1118	38-39	0.042527155797635885
1118	40-41	0.06840139516715737
1118	42-43	0.09602512955070353
1118	44-45	0.1398533398983517
1118	46-47	0.09455782143088243
1118	48-49	0.20842686167638647
1118	50-51	0.22375040024824955
1118	52-53	0.28128107736730357
1118	54-55	0.2621126014103723
1118	56-57	0.30317202987266256
1118	58-59	0.4265035352235458
1118	60-61	0.5213791965720347
1118	62-63	0.4609010247602896
1118	64-65	0.573530964908457
1118	66-67	0.6409043331875353
1118	68-69	0.6913046210339289
1118	70-71	0.7859081877981282
1118	72-73	0.8324054001313641
1118	74-75	0.9425553090323646
1118	76-77	1.1258720678111018
1118	78-79	1.0325302393514662
1118	80-81	0.9789132430425909
1118	82-83	1.1441610520566101
1118	84-85	1.0332238938799776
1118	86-87	1.086724256654776
1118	88-89	1.0289184534423725
1118	90-91	1.1155274323421338
1118	92-93	1.0338849614833237
1118	94-95	0.8636512032717434
1118	96-97	0.8287593954265233
1118	98-99	0.7912914012345453
1118	100	0.5999721003310015
1119	1	-0.03804851796926911
1119	2	-0.12660268654276408
1119	3	-0.017691031491857245
1119	4	0.033295664287095406
1119	5	0.0289819951510637
1119	6	0.10264526469983792
1119	7	0.025467110643468516
1119	8	0.024790372999063948
1119	9	-0.04230954968573997
1119	10-11	2.6876182143098504E-4
1119	12-13	-0.0013794617895186434
1119	14-15	0.0139698720327317
1119	16-17	0.02463492078281604
1119	18-19	0.019924820570963675
1119	20-21	0.023889872473631613
1119	22-23	0.04439298348744103
1119	24-25	0.09332020363914495
1119	26-27	0.07734207925375358
1119	28-29	0.08230470625365882
1119	30-31	0.046562923007762436
1119	32-33	0.1887861776786579
1119	34-35	0.16208801691902153
1119	36-37	0.19001706883758374
1119	38-39	0.1569199388232292
1119	40-41	0.2390757385363571
1119	42-43	0.27000773733408323
1119	44-45	0.3192821630320921
1119	46-47	0.2680975978319111
1119	48-49	0.22150057799114364
1119	50-51	0.23103456722078874
1119	52-53	0.3377586182068839
1119	54-55	0.31568479592696264
1119	56-57	0.3601165943303073
1119	58-59	0.48510946443995806
1119	60-61	0.6250572184776431
1119	62-63	0.5075039411468651
1119	64-65	0.5754336976731054
1119	66-67	0.6659282776975246
1119	68-69	0.7605447398785259
1119	70-71	0.805849839902109
1119	72-73	0.8587414940878091
1119	74-75	0.9218421212305614
1119	76-77	1.378769644554616
1119	78-79	1.3113369209888432
1119	80-81	1.2100845896927837
1119	82-83	1.2331946379824075
1119	84-85	1.1767559086703443
1119	86-87	1.151605268966712
1119	88-89	1.0619138738772662
1119	90-91	1.1075474246047747
1119	92-93	1.1269989191958842
1119	94-95	0.9186388731137143
1119	96-97	0.9808595500004458
1119	98-99	0.8172856250329446
1119	100	0.7545451032996198
1120	1	0.026961971705475207
1120	2	0.3499473619812896
1120	3	0.07868536164121309
1120	4	0.3291019140937479
1120	5	-0.14422281531867753
1120	6	-0.14601072782046742
1120	7	0.2182279174146089
1120	8	0.1595786832276147
1120	9	0.049632363525525136
1120	10-11	0.10069994989883924
1120	12-13	0.11553056991438382
1120	14-15	0.3284806556016946
1120	16-17	0.2657198430354768
1120	18-19	0.2585368492660365
1120	20-21	0.2641895013534068
1120	22-23	0.3014169407358622
1120	24-25	0.05551970682613927
1120	26-27	0.35679036590202173
1120	28-29	0.19965758441188086
1120	30-31	0.17170113349560978
1120	32-33	0.3086093713749989
1120	34-35	0.4817188903634744
1120	36-37	0.4967336402321081
1120	38-39	0.5475430232115528
1120	40-41	0.5015882992200673
1120	42-43	0.29142620947371256
1120	44-45	0.11798453125805963
1120	46-47	0.5768765847962953
1120	48-49	0.3578967130243669
1120	50-51	0.03843803757872877
1120	52-53	-0.02376550117031684
1120	54-55	0.20081054025847322
1120	56-57	0.28096896204067434
1120	58-59	0.26656588502606837
1120	60-61	0.2373441451690823
1120	62-63	0.3443229000165644
1120	64-65	0.5236253888882487
1120	66-67	0.7777568898178799
1120	68-69	0.9430917199865334
1120	70-71	0.20574720608284736
1120	72-73	0.17408927464221335
1120	74-75	1.0467372817724225
1120	76-77	1.477529846350528
1120	78-79	1.92015326059078
1120	80-81	1.5766796733523805
1120	82-83	1.395659562595391
1120	84-85	0.683176752587876
1120	86-87	1.1158097551788941
1120	88-89	1.0687241419569204
1120	90-91	1.0912758250983785
1120	92-93	1.287593061019038
1120	94-95	0.9120642073682603
1120	96-97	1.4364235175380244
1120	98-99	1.3812354029222433
1120	100	1.2801256446378773
>>END_MODULE
>>Per sequence quality scores	pass
#Quality	Count
26	2.0
27	77.0
28	1004.0
29	5155.0
30	12636.0
31	21010.0
32	30368.0
33	41435.0
34	54182.0
35	70302.0
36	91357.0
37	121079.0
38	167601.0
39	253130.0
40	475768.0
41	654894.0
>>END_MODULE
>>Per base sequence content	fail
#Base	G	A	T	C
1	25.798199999999998	11.9686	14.762749999999999	47.47045
2	24.553186829780245	20.211230316845473	35.117252675879016	20.118330177495267
3	24.469350000000002	24.177	24.449399999999997	26.90425
4	25.47775	29.610999999999997	18.58965	26.3216
5	25.66095	32.350699999999996	21.2369	20.75145
6	20.4026	34.61745	22.16635	22.8136
7	19.1038	15.932099999999998	41.51355	23.45055
8	22.202450000000002	20.97655	27.697899999999997	29.1231
9	22.105800000000002	19.39275	30.2932	28.20825
10-11	24.301025000000003	29.783125	21.021	24.894849999999998
12-13	23.557475	22.9613	27.932499999999997	25.548725
14-15	23.622899999999998	24.982975	26.498624999999997	24.895500000000002
16-17	24.827975	24.8755	25.390774999999998	24.905749999999998
18-19	24.58025	25.07045	25.183475	25.165824999999998
20-21	24.603075	25.283475	25.295475	24.817975
22-23	24.40385	25.590275000000002	25.30715	24.698725
24-25	24.408195553990968	25.58232857422883	25.258798809490475	24.750677062289732
26-27	24.363699999999998	25.794774999999998	25.263924999999997	24.5776
28-29	24.509525	25.199824999999997	25.465275	24.825375
30-31	24.198975	25.428575	25.456574999999997	24.915875
32-33	24.377275	25.743824999999998	25.420150000000003	24.458750000000002
34-35	24.549625	25.507724999999997	25.156875	24.785774999999997
36-37	24.37275	25.52975	25.374775	24.722725
38-39	24.43620610905153	25.54108138527035	25.434156358539088	24.588556147139037
40-41	24.496399999999998	25.3713	25.463649999999998	24.66865
42-43	24.535425	25.158724999999997	25.474249999999998	24.8316
44-45	24.492050000000003	25.38125	25.47255	24.65415
46-47	24.592375	25.553775	25.262425	24.591425
48-49	24.4742	25.31	25.44075	24.77505
50-51	24.503800000000002	25.324625	25.509375000000002	24.662200000000002
52-53	24.661350000000002	25.310375	25.367075	24.6612
54-55	24.2983	25.46205	25.523774999999997	24.715875
56-57	24.513299999999997	25.552075000000002	25.4609	24.473724999999998
58-59	24.43645	25.57425	25.543225000000003	24.446075
60-61	24.282899999999998	25.510650000000002	25.6347	24.57175
62-63	24.641875	25.389774999999997	25.653425000000002	24.314925000000002
64-65	24.505474999999997	25.56325	25.508025	24.42325
66-67	24.4436	25.465674999999997	25.570375000000002	24.52035
68-69	24.535825	25.603324999999998	25.513425	24.347425
70-71	24.6038	25.552374999999998	25.44325	24.400575
72-73	24.429850000000002	25.460024999999998	25.626125	24.484
74-75	24.335375	25.511675	25.654375	24.498575
76-77	24.369574999999998	25.60495	25.644099999999998	24.381375
78-79	24.171375	25.6177	25.692025	24.5189
80-81	24.380474999999997	25.600725	25.621675	24.397125
82-83	24.411525	25.704775	25.529625	24.354075
84-85	24.337500000000002	25.67265	25.553425	24.436425
86-87	24.381325	25.685724999999998	25.699525	24.233425
88-89	24.4587	25.651625	25.62925	24.260424999999998
90-91	24.356025	25.650875	25.635799999999996	24.357300000000002
92-93	24.51575	25.569025	25.648500000000002	24.266725
94-95	24.49955	25.547975	25.5392	24.413275000000002
96-97	24.468525	25.592350000000003	25.58685	24.352275000000002
98-99	24.302599999999998	26.012025	25.583275	24.1021
100	24.3418	25.79995	25.4457	24.41255
>>END_MODULE
>>Per sequence GC content	warn
#GC Content	Count
0	63.0
1	51.0
2	26.5
3	7.5
4	1.5
5	4.0
6	6.5
7	6.5
8	10.0
9	29.0
10	31.0
11	15.5
12	18.0
13	32.5
14	46.5
15	62.0
16	95.5
17	144.5
18	216.5
19	318.0
20	452.5
21	587.5
22	792.5
23	1049.5
24	1350.0
25	1830.5
26	2354.5
27	3020.5
28	3774.5
29	4761.5
30	6090.0
31	7452.5
32	9068.5
33	10829.5
34	12666.5
35	14799.0
36	17485.5
37	20543.5
38	24853.5
39	30235.0
40	36766.5
41	43646.0
42	50627.0
43	59617.5
44	69631.0
45	77996.5
46	84891.5
47	93919.5
48	104498.5
49	113750.0
50	117997.5
51	119536.0
52	118445.0
53	114330.5
54	109976.0
55	99909.5
56	86246.5
57	73469.0
58	60885.5
59	49586.5
60	38850.5
61	29491.0
62	22310.0
63	16287.0
64	11269.5
65	7435.5
66	4844.0
67	3106.0
68	1980.0
69	1203.5
70	751.0
71	463.0
72	320.5
73	247.5
74	195.5
75	137.0
76	82.5
77	57.0
78	48.5
79	28.0
80	8.5
81	1.5
82	1.0
83	0.5
84	0.0
85	0.0
86	0.0
87	0.0
88	0.0
89	0.0
90	0.5
91	1.0
92	0.5
93	0.0
94	0.0
95	0.0
96	0.0
97	0.5
98	0.5
99	0.5
100	0.5
>>END_MODULE
>>Per base N content	pass
#Base	N-Count
1	0.0
2	1.5000000000000001E-4
3	0.0
4	0.0
5	0.0
6	0.0
7	0.0
8	0.0
9	0.0
10-11	0.0
12-13	0.0
14-15	0.0
16-17	0.0
18-19	0.0
20-21	0.0
22-23	0.0
24-25	0.0092
26-27	0.0
28-29	0.0
30-31	0.0
32-33	0.0
34-35	0.0
36-37	0.0
38-39	2.4999999999999998E-5
40-41	0.0
42-43	0.0
44-45	0.0
46-47	0.0
48-49	0.0
50-51	0.0
52-53	0.0
54-55	0.0
56-57	0.0
58-59	0.0
60-61	0.0
62-63	0.0
64-65	0.0
66-67	0.0
68-69	0.0
70-71	0.0
72-73	0.0
74-75	0.0
76-77	0.0
78-79	0.0
80-81	0.0
82-83	0.0
84-85	0.0
86-87	0.0
88-89	0.0
90-91	0.0
92-93	0.0
94-95	0.0
96-97	0.0
98-99	0.0
100	0.0
>>END_MODULE
>>Sequence Length Distribution	pass
#Length	Count
100	2000000.0
>>END_MODULE
>>Sequence Duplication Levels	pass
#Total Deduplicated Percentage	76.7270678355479
#Duplication Level	Percentage of deduplicated	Percentage of total
1	88.49046867632914	67.89614192928134
2	7.980837964899578	12.246925918347321
3	1.6634457866474353	3.828939531385623
4	0.6398541837751783	1.9637654145350898
5	0.33605473965109733	1.2892247402833565
6	0.18669852500548156	0.8594898235735393
7	0.13013412053531373	0.6989366645822668
8	0.0956287139511214	0.5869848657883118
9	0.0731435703836633	0.5050882517905356
>10	0.348924297899436	4.8672500227251625
>50	0.031336336453268304	1.6622819227808485
>100	0.02280277427950838	3.259075475863208
>500	6.703101896846812E-4	0.3358954390634057
>1k	0.0	0.0
>5k	0.0	0.0
>10k+	0.0	0.0
>>END_MODULE
>>Overrepresented sequences	pass
>>END_MODULE
>>Adapter Content	pass
#Position	Illumina Universal Adapter	Illumina Small RNA 3' Adapter	Illumina Small RNA 5' Adapter	Nextera Transposase Sequence	SOLID Small RNA Adapter
1	0.0	0.0	0.0	0.0	0.0
2	0.0	0.0	0.0	0.0	0.0
3	0.0	0.0	0.0	0.0	5.0E-5
4	5.0E-5	0.0	0.0	0.0	5.0E-5
5	5.0E-5	0.0	0.0	0.0	5.0E-5
6	5.0E-5	0.0	0.0	5.0E-5	5.0E-5
7	5.0E-5	0.0	0.0	5.0E-5	5.0E-5
8	5.0E-5	0.0	0.0	5.0E-5	5.0E-5
9	5.0E-5	0.0	5.0E-5	5.0E-5	1.0E-4
10-11	5.0E-5	0.0	1.0E-4	5.0E-5	1.0E-4
12-13	5.0E-5	0.0	1.0E-4	5.0E-5	1.0E-4
14-15	5.0E-5	0.0	1.25E-4	5.0E-5	1.0E-4
16-17	5.0E-5	0.0	1.5E-4	5.0E-5	1.0E-4
18-19	7.500000000000001E-5	0.0	1.75E-4	5.0E-5	1.5E-4
20-21	1.75E-4	0.0	2.0E-4	5.0E-5	1.5E-4
22-23	2.0E-4	0.0	2.0E-4	7.500000000000001E-5	1.5E-4
24-25	2.25E-4	0.0	2.0E-4	1.0E-4	1.5E-4
26-27	2.5E-4	0.0	2.5E-4	1.0E-4	1.75E-4
28-29	3.75E-4	0.0	2.5E-4	1.0E-4	2.0E-4
30-31	5.499999999999999E-4	0.0	2.5E-4	1.0E-4	2.5E-4
32-33	6.249999999999999E-4	0.0	2.5E-4	1.0E-4	2.5E-4
34-35	6.5E-4	0.0	3.0E-4	1.0E-4	2.5E-4
36-37	6.5E-4	0.0	3.25E-4	1.0E-4	2.5E-4
38-39	6.5E-4	0.0	3.5E-4	1.0E-4	2.5E-4
40-41	7.0E-4	0.0	3.5E-4	1.0E-4	2.7499999999999996E-4
42-43	7.0E-4	0.0	3.5E-4	1.0E-4	3.5E-4
44-45	7.0E-4	2.5E-5	4.0E-4	1.0E-4	4.2500000000000003E-4
46-47	7.0E-4	5.0E-5	4.0E-4	1.5E-4	5.250000000000001E-4
48-49	7.0E-4	5.0E-5	4.0E-4	1.5E-4	7.750000000000001E-4
50-51	7.25E-4	5.0E-5	4.0E-4	1.5E-4	8.0E-4
52-53	7.5E-4	5.0E-5	4.0E-4	2.0E-4	9.0E-4
54-55	7.5E-4	5.0E-5	4.0E-4	2.0E-4	9.5E-4
56-57	7.5E-4	5.0E-5	4.0E-4	2.5E-4	0.001075
58-59	7.5E-4	5.0E-5	4.0E-4	2.5E-4	0.001225
60-61	8.0E-4	5.0E-5	4.0E-4	2.5E-4	0.00125
62-63	8.0E-4	5.0E-5	4.0E-4	2.5E-4	0.0017
64-65	8.0E-4	5.0E-5	4.0E-4	2.5E-4	0.0017
66-67	8.0E-4	5.0E-5	4.0E-4	3.0E-4	0.0017
68-69	8.0E-4	5.0E-5	4.0E-4	3.0E-4	0.0017
70-71	8.0E-4	5.0E-5	4.0E-4	3.0E-4	0.0018
72-73	8.0E-4	5.0E-5	4.0E-4	3.0E-4	0.001825
74-75	8.0E-4	7.500000000000001E-5	4.0E-4	3.25E-4	0.0019500000000000001
76-77	8.0E-4	1.0E-4	4.0E-4	3.5E-4	0.002175
78-79	8.5E-4	1.0E-4	4.0E-4	4.0E-4	0.0022
80-81	8.5E-4	1.0E-4	4.0E-4	4.0E-4	0.00245
82-83	8.5E-4	1.0E-4	4.0E-4	4.0E-4	0.0025
84-85	0.007075	1.0E-4	4.0E-4	4.0E-4	0.0025250000000000003
86-87	0.0341	1.0E-4	4.0E-4	4.0E-4	0.00255
88-89	0.06815	1.25E-4	4.2500000000000003E-4	4.2500000000000003E-4	0.002575
>>END_MODULE
