##FastQC	0.11.7
>>Basic Statistics	pass
#Measure	Value
Filename	220_L8_1.fq.gz
File type	Conventional base calls
Encoding	Sanger / Illumina 1.9
Total Sequences	2000000
Sequences flagged as poor quality	0
Sequence length	100
%GC	49
>>END_MODULE
>>Per base sequence quality	pass
#Base	Mean	Median	Lower Quartile	Upper Quartile	10th Percentile	90th Percentile
1	31.215652	32.0	32.0	32.0	32.0	32.0
2	31.6269575	32.0	32.0	32.0	32.0	32.0
3	35.699783	37.0	37.0	37.0	32.0	37.0
4	36.1461895	37.0	37.0	37.0	32.0	37.0
5	36.40422	37.0	37.0	37.0	37.0	37.0
6	40.461466	42.0	42.0	42.0	37.0	42.0
7	40.5567145	42.0	42.0	42.0	37.0	42.0
8	40.8064535	42.0	42.0	42.0	37.0	42.0
9	40.8764385	42.0	42.0	42.0	37.0	42.0
10-11	40.894788000000005	42.0	42.0	42.0	37.0	42.0
12-13	40.9022585	42.0	42.0	42.0	37.0	42.0
14-15	40.898165750000004	42.0	42.0	42.0	37.0	42.0
16-17	40.858911500000005	42.0	42.0	42.0	37.0	42.0
18-19	40.832184	42.0	42.0	42.0	37.0	42.0
20-21	40.81279	42.0	42.0	42.0	37.0	42.0
22-23	40.8097755	42.0	42.0	42.0	37.0	42.0
24-25	40.7654005	42.0	42.0	42.0	37.0	42.0
26-27	40.695116	42.0	42.0	42.0	37.0	42.0
28-29	40.65744825	42.0	42.0	42.0	37.0	42.0
30-31	40.62895875	42.0	42.0	42.0	37.0	42.0
32-33	40.62894825	42.0	42.0	42.0	37.0	42.0
34-35	40.6031695	42.0	42.0	42.0	37.0	42.0
36-37	40.57790125	42.0	42.0	42.0	37.0	42.0
38-39	40.53239225	42.0	42.0	42.0	37.0	42.0
40-41	40.513940250000005	42.0	42.0	42.0	37.0	42.0
42-43	40.50111375	42.0	42.0	42.0	37.0	42.0
44-45	40.4843005	42.0	42.0	42.0	37.0	42.0
46-47	40.432148999999995	42.0	42.0	42.0	37.0	42.0
48-49	40.391508	42.0	42.0	42.0	37.0	42.0
50-51	40.3804495	42.0	42.0	42.0	37.0	42.0
52-53	40.340837	42.0	42.0	42.0	37.0	42.0
54-55	40.331967500000005	42.0	42.0	42.0	37.0	42.0
56-57	40.289328	42.0	42.0	42.0	37.0	42.0
58-59	40.23978225	42.0	42.0	42.0	37.0	42.0
60-61	40.169293749999994	42.0	42.0	42.0	37.0	42.0
62-63	40.179612500000005	42.0	42.0	42.0	37.0	42.0
64-65	40.1485895	42.0	42.0	42.0	37.0	42.0
66-67	40.06746575	42.0	42.0	42.0	37.0	42.0
68-69	39.96615625	42.0	42.0	42.0	37.0	42.0
70-71	39.9623025	42.0	42.0	42.0	37.0	42.0
72-73	39.89078325	42.0	42.0	42.0	37.0	42.0
74-75	39.84471525	42.0	42.0	42.0	37.0	42.0
76-77	39.22217325	42.0	39.5	42.0	34.5	42.0
78-79	39.458988	42.0	39.5	42.0	32.0	42.0
80-81	39.80343025	42.0	42.0	42.0	37.0	42.0
82-83	39.70284325	42.0	42.0	42.0	32.0	42.0
84-85	39.813668250000006	42.0	42.0	42.0	37.0	42.0
86-87	39.79071225	42.0	42.0	42.0	37.0	42.0
88-89	39.75829025	42.0	42.0	42.0	34.5	42.0
90-91	39.71508275	42.0	42.0	42.0	32.0	42.0
92-93	39.613021	42.0	42.0	42.0	32.0	42.0
94-95	39.6903925	42.0	42.0	42.0	32.0	42.0
96-97	39.619234500000005	42.0	42.0	42.0	32.0	42.0
98-99	39.56653325	42.0	42.0	42.0	32.0	42.0
100	39.519614	42.0	42.0	42.0	32.0	42.0
>>END_MODULE
>>Per tile sequence quality	pass
#Tile	Base	Mean
1101	1	0.028791058652988255
1101	2	0.05116167202150024
1101	3	0.0902929587141088
1101	4	-0.037129674856274164
1101	5	-0.028547100876672005
1101	6	-0.0016159477900075103
1101	7	-0.0076989834405125634
1101	8	-0.015390639036311882
1101	9	-0.025232868207133663
1101	10-11	-0.04708563966593715
1101	12-13	-0.018126946583436165
1101	14-15	-0.044717962155814917
1101	16-17	-0.17349643719319374
1101	18-19	-0.163891930449104
1101	20-21	-0.18371444036504414
1101	22-23	-0.1308240219365686
1101	24-25	-0.10995626378405632
1101	26-27	-0.17398002694769588
1101	28-29	-0.1950987966007034
1101	30-31	-0.2598345075158406
1101	32-33	-0.23034002876576665
1101	34-35	-0.1318149467139591
1101	36-37	-0.18718139567601355
1101	38-39	-0.20823677299842558
1101	40-41	-0.32789578543406606
1101	42-43	-0.2799910103076968
1101	44-45	-0.22516169378221917
1101	46-47	-0.2691118489958413
1101	48-49	-0.17099254658906204
1101	50-51	-0.12111456384364772
1101	52-53	-0.23887427687996876
1101	54-55	-0.2630996722226797
1101	56-57	-0.3311989188368898
1101	58-59	-0.28458525720225936
1101	60-61	-0.20216729904468167
1101	62-63	-0.19629044900426607
1101	64-65	-0.35801811855224486
1101	66-67	-0.3768588671502968
1101	68-69	-0.7048413992242075
1101	70-71	-0.8334789201223671
1101	72-73	-0.7735121093328203
1101	74-75	-0.7124213065946918
1101	76-77	-1.1598469790401111
1101	78-79	-1.223464708863112
1101	80-81	-0.9822027303306271
1101	82-83	-1.0016132501375523
1101	84-85	-0.5594232217228807
1101	86-87	-0.9275312838633809
1101	88-89	-0.7351451775555731
1101	90-91	-1.0899444918199137
1101	92-93	-1.0349271261766333
1101	94-95	-0.7629282888099453
1101	96-97	-0.5914158276499393
1101	98-99	-1.0502222117533364
1101	100	-0.8602514670674211
1102	1	0.0021721549037323484
1102	2	-0.03556805512025818
1102	3	-0.014086500812503289
1102	4	0.04773612750118872
1102	5	0.0459325336639651
1102	6	0.04861071020865637
1102	7	0.07046608977394442
1102	8	-0.04236396010051635
1102	9	-0.11104699258895323
1102	10-11	0.026341171444471456
1102	12-13	-0.048380652240375355
1102	14-15	0.02641209676008316
1102	16-17	-0.028770316058789547
1102	18-19	0.018691208621106625
1102	20-21	-8.69603246705708E-4
1102	22-23	0.019989668524530657
1102	24-25	0.011598474764390687
1102	26-27	-0.10246066885721206
1102	28-29	-0.06701156279665099
1102	30-31	-0.12496452213859044
1102	32-33	-0.09544448872189548
1102	34-35	-0.02575438980323952
1102	36-37	0.05658383234822395
1102	38-39	-0.08265294738433937
1102	40-41	0.02735854196898657
1102	42-43	-0.003090478593620105
1102	44-45	-0.04534396131054308
1102	46-47	0.02253382547936411
1102	48-49	-0.06612035576517883
1102	50-51	-0.031179101691648725
1102	52-53	-0.08692929682609929
1102	54-55	-0.15291402503863338
1102	56-57	-0.06039161924508818
1102	58-59	-0.17361776777624982
1102	60-61	-0.14831861847405747
1102	62-63	-0.015966284794252772
1102	64-65	-0.029827388548618217
1102	66-67	-0.14858683157672203
1102	68-69	-0.15626352783542785
1102	70-71	-0.06206050316528433
1102	72-73	-0.09370150541570155
1102	74-75	-0.11724611255483808
1102	76-77	-0.30466261559659813
1102	78-79	-0.28828394253628886
1102	80-81	-0.37070134821203027
1102	82-83	-0.2688019833048969
1102	84-85	-0.30852814559573005
1102	86-87	-0.2815009175826333
1102	88-89	-0.3888043066568585
1102	90-91	-0.2580448429652975
1102	92-93	-0.25420580936761183
1102	94-95	-0.3910560912980401
1102	96-97	-0.2746588666264316
1102	98-99	-0.2714518681902476
1102	100	-0.39190008267209464
1103	1	-0.022220838226928663
1103	2	-0.02655859487916956
1103	3	0.0845591892842279
1103	4	0.023466808242140758
1103	5	-0.0513471812210895
1103	6	0.013390459233249885
1103	7	0.07433131873764154
1103	8	-0.01353658359675336
1103	9	-0.013805220816855979
1103	10-11	-0.040514423841543135
1103	12-13	0.09674824440275387
1103	14-15	0.06449404385435997
1103	16-17	-0.012453743659698091
1103	18-19	-0.0050197304369987705
1103	20-21	-0.018587015625158188
1103	22-23	0.027277944141204102
1103	24-25	-0.0013768045800190976
1103	26-27	-0.015489838531827615
1103	28-29	-0.13725447201346697
1103	30-31	-0.06118359200151957
1103	32-33	0.04463717538064316
1103	34-35	-0.05268966022584465
1103	36-37	-0.007837331885042431
1103	38-39	-0.04813069384117341
1103	40-41	-0.12765118336469072
1103	42-43	-0.1476518680120904
1103	44-45	-0.23201737256226806
1103	46-47	-0.1948871515071957
1103	48-49	-0.1226444070928494
1103	50-51	-0.1031912724967583
1103	52-53	-0.20650833272385682
1103	54-55	-0.16380289993738018
1103	56-57	-0.1219370959330206
1103	58-59	-0.07116859306982093
1103	60-61	-0.03798846710047599
1103	62-63	-0.07938499630383689
1103	64-65	-0.14633496108510968
1103	66-67	-0.1253582476209516
1103	68-69	-0.053400979192360865
1103	70-71	-0.03029140899577243
1103	72-73	-0.10007769973072556
1103	74-75	-0.12914065739525427
1103	76-77	-0.10457470145018988
1103	78-79	-0.029468364041527195
1103	80-81	-0.06055139962194289
1103	82-83	-0.027329740373929212
1103	84-85	-0.020090244576635996
1103	86-87	0.01586283072785477
1103	88-89	-0.11608013542031159
1103	90-91	-0.06340322369087659
1103	92-93	0.027611550786978967
1103	94-95	-0.020614030886711987
1103	96-97	-0.04858150557225116
1103	98-99	-0.12089524318616895
1103	100	0.018915656452108465
1104	1	0.03244502994505538
1104	2	-0.029465786362582236
1104	3	-0.14606588633186135
1104	4	-0.10799892477580642
1104	5	-0.02275054348049821
1104	6	-0.06160101371179394
1104	7	-0.09945704438583647
1104	8	-0.0561239856996778
1104	9	-0.02678258234833919
1104	10-11	-0.08287954198605973
1104	12-13	-0.06220834359064753
1104	14-15	-0.015709491520674135
1104	16-17	-0.16576354506975832
1104	18-19	-0.035712879463666525
1104	20-21	-0.07509644401547888
1104	22-23	-0.13009409240221004
1104	24-25	-0.03108839577137701
1104	26-27	-0.10427124623711848
1104	28-29	-0.005596743540138505
1104	30-31	-0.08119663625016216
1104	32-33	0.0039187001173459635
1104	34-35	-0.028463695541233847
1104	36-37	-0.12267509740794935
1104	38-39	-0.007649604720448622
1104	40-41	-0.05230293709425382
1104	42-43	-0.07362832307597955
1104	44-45	-0.08746826825220211
1104	46-47	-0.048803219372963724
1104	48-49	-0.036550094415545686
1104	50-51	0.035652403322700366
1104	52-53	-0.04036424089180457
1104	54-55	-0.11387495292072458
1104	56-57	-0.08819439945865781
1104	58-59	-0.07038142852971419
1104	60-61	-0.010728772297532885
1104	62-63	-0.0201314295381394
1104	64-65	-0.08765430976787769
1104	66-67	0.041842786765080575
1104	68-69	0.01917578491521965
1104	70-71	-0.11155033043227292
1104	72-73	-0.06996125221539984
1104	74-75	-0.1789288566242817
1104	76-77	-0.06807789663485408
1104	78-79	-0.022500535984654846
1104	80-81	0.11128735145519641
1104	82-83	0.06529675072486896
1104	84-85	0.05309893623546458
1104	86-87	-0.01001802204159219
1104	88-89	0.06821185988361833
1104	90-91	0.11159011704518917
1104	92-93	0.06609246288822845
1104	94-95	-0.030234416664647767
1104	96-97	0.027007281893155266
1104	98-99	0.17748348896738264
1104	100	0.1793004314985538
1105	1	-0.04837402698984761
1105	2	0.013710529558281337
1105	3	0.022792329217601548
1105	4	0.018156270103624195
1105	5	-0.03343090757970657
1105	6	0.036653412367329
1105	7	0.015716669523392568
1105	8	0.00221489713708678
1105	9	0.050311914671283375
1105	10-11	0.04977779535471427
1105	12-13	0.09886214258364845
1105	14-15	-0.04209126207760505
1105	16-17	0.004057263906446451
1105	18-19	0.0011355815478282238
1105	20-21	-0.0017727189841778568
1105	22-23	0.038610800840686466
1105	24-25	2.024822258022141E-4
1105	26-27	-0.016546343110796613
1105	28-29	0.027037063325778377
1105	30-31	-0.04104619372613172
1105	32-33	0.011547017741889931
1105	34-35	0.029116625583682776
1105	36-37	0.005767489070365173
1105	38-39	-0.02411786822310802
1105	40-41	-0.005823546016046066
1105	42-43	0.02622338240767874
1105	44-45	0.007470382998207015
1105	46-47	-0.02704340009605488
1105	48-49	0.03395096684026555
1105	50-51	-0.143326345499581
1105	52-53	-0.04189817817448471
1105	54-55	0.022026108887118312
1105	56-57	0.04159953769740099
1105	58-59	0.020186486117360403
1105	60-61	0.04107621889948376
1105	62-63	0.08389699103185677
1105	64-65	-7.827546234793203E-4
1105	66-67	0.09868197753725383
1105	68-69	0.047436422376080145
1105	70-71	0.08024969636128532
1105	72-73	0.1352247415394956
1105	74-75	0.1745754607097183
1105	76-77	0.013661823235985082
1105	78-79	0.11434693405072238
1105	80-81	0.12194160571453949
1105	82-83	0.01807793299910543
1105	84-85	0.014329421157498246
1105	86-87	0.1075482370430052
1105	88-89	0.12088489630964716
1105	90-91	-0.0011490468002719467
1105	92-93	0.05732516255260123
1105	94-95	-0.023511253795049925
1105	96-97	0.09464409111165395
1105	98-99	-0.06749929457098602
1105	100	0.0650373070893977
1106	1	-0.057832440127008056
1106	2	-0.09243106004633361
1106	3	-0.06984819984895552
1106	4	-0.11709149409929864
1106	5	-0.08309278357310035
1106	6	-0.12065106044639862
1106	7	-0.14625592143224253
1106	8	-0.14984806080954627
1106	9	-0.09028102066646682
1106	10-11	-0.061710974051180756
1106	12-13	-0.01095887759405656
1106	14-15	-0.051976772175166275
1106	16-17	-0.14898239770066368
1106	18-19	-0.10984686773092278
1106	20-21	-0.00478357003489549
1106	22-23	-0.04225161174127834
1106	24-25	-0.16835906807310863
1106	26-27	-0.08537408597359075
1106	28-29	-0.006562789405307967
1106	30-31	0.006019724866241916
1106	32-33	-0.0945740426106596
1106	34-35	-0.19151728367479848
1106	36-37	-0.1034819463430523
1106	38-39	-0.1657854665932561
1106	40-41	-0.13857504092917594
1106	42-43	-0.14976528586885962
1106	44-45	-0.07236740542113296
1106	46-47	-0.05963500440289238
1106	48-49	-0.12003115274482212
1106	50-51	-0.2908781676944514
1106	52-53	-0.21844022460204826
1106	54-55	-0.08783829243351704
1106	56-57	0.0017903522344226985
1106	58-59	-0.06588341505155171
1106	60-61	-0.08689499787106314
1106	62-63	-0.24791244158409853
1106	64-65	-0.1417093404293368
1106	66-67	-0.25282161635665545
1106	68-69	-0.19896929786414574
1106	70-71	-0.11450950599039089
1106	72-73	-0.041027481933220145
1106	74-75	-0.10195734736527129
1106	76-77	-0.23510418978867165
1106	78-79	-0.0776435466708918
1106	80-81	-0.04157882351275077
1106	82-83	-0.11785994242008968
1106	84-85	-0.07976808334036889
1106	86-87	-0.0746347349036256
1106	88-89	0.03693867382593652
1106	90-91	-0.03529308926276542
1106	92-93	0.01591973411751013
1106	94-95	0.01687931388253361
1106	96-97	-0.04370385494858908
1106	98-99	-0.11558162108579495
1106	100	-0.10698592450373212
1107	1	0.008295873634093454
1107	2	0.005992590031034695
1107	3	-0.08922932405686623
1107	4	0.05625645444787608
1107	5	0.0019002102735257154
1107	6	0.12190484742913554
1107	7	0.018506157833108716
1107	8	-3.121569287145576E-5
1107	9	0.00501780001898311
1107	10-11	0.03474930429669598
1107	12-13	-0.009094132636604968
1107	14-15	0.005774400441623584
1107	16-17	0.1075202076439652
1107	18-19	0.11086477796354899
1107	20-21	0.1601947895432403
1107	22-23	0.14415989726604295
1107	24-25	0.07894483956300746
1107	26-27	0.12012197518122747
1107	28-29	0.13276858820222515
1107	30-31	0.10361359726459085
1107	32-33	0.21363393588889323
1107	34-35	0.1447401807211648
1107	36-37	0.210015184993388
1107	38-39	0.1503963813342537
1107	40-41	0.17126162669017475
1107	42-43	0.1108550109636326
1107	44-45	0.09346420933305666
1107	46-47	-0.02064890069424763
1107	48-49	-0.0040815720247167064
1107	50-51	-0.0239015998404426
1107	52-53	0.06462494709016653
1107	54-55	-0.0455659282608849
1107	56-57	-0.055145162648564394
1107	58-59	-0.029022076136548947
1107	60-61	0.08234509183920835
1107	62-63	0.02455370631286513
1107	64-65	-0.06536473130430664
1107	66-67	0.041924049109027806
1107	68-69	0.04529814881236405
1107	70-71	0.049145805219971805
1107	72-73	-0.03532655500651316
1107	74-75	-0.13788891734461117
1107	76-77	-0.007415041093132402
1107	78-79	-0.0903836976727419
1107	80-81	0.013385292366372425
1107	82-83	0.039452522168872406
1107	84-85	-0.004110034221326941
1107	86-87	-0.038274933401694966
1107	88-89	-0.04929870338013842
1107	90-91	0.075115710934746
1107	92-93	0.026151206047039466
1107	94-95	0.04204444654670425
1107	96-97	0.17665300954391938
1107	98-99	0.05964319314703914
1107	100	0.03582899371742343
1108	1	0.07903988995634492
1108	2	0.10118971195414161
1108	3	0.19420264987083158
1108	4	0.10722300493470271
1108	5	0.05687174527390226
1108	6	0.11878799644586024
1108	7	0.18639122171222766
1108	8	0.14832079303191392
1108	9	0.06997631007627092
1108	10-11	0.02594297451276617
1108	12-13	0.1363534417683283
1108	14-15	0.11837350487181197
1108	16-17	0.18617753326379471
1108	18-19	0.0769543224806597
1108	20-21	0.1685354786944444
1108	22-23	0.12667948941878393
1108	24-25	0.10429970907485142
1108	26-27	0.15176035588529402
1108	28-29	0.20833198856624335
1108	30-31	0.13958850350315544
1108	32-33	0.12085306617503022
1108	34-35	0.2307112814915655
1108	36-37	0.14271351398416243
1108	38-39	0.21381040717346167
1108	40-41	0.25348395009036295
1108	42-43	0.30792777806799165
1108	44-45	0.29539243103562285
1108	46-47	0.18168465192217553
1108	48-49	0.18193051490226253
1108	50-51	0.19108398164802054
1108	52-53	0.18179149708235798
1108	54-55	0.25590780722507844
1108	56-57	0.19899941624581885
1108	58-59	0.22264189572955928
1108	60-61	0.06607162590920979
1108	62-63	0.13206978956826276
1108	64-65	0.15207143334716733
1108	66-67	0.21316340226914576
1108	68-69	0.25451378963720117
1108	70-71	0.10348796734655252
1108	72-73	0.16505406656315813
1108	74-75	0.23033840252976745
1108	76-77	0.34068911407428004
1108	78-79	0.3410526543807535
1108	80-81	0.255038881389531
1108	82-83	0.20237301854052703
1108	84-85	0.22139084454350666
1108	86-87	0.31613497751569497
1108	88-89	0.31254225566099336
1108	90-91	0.3554407021071384
1108	92-93	0.31475356902549123
1108	94-95	0.2855496400012072
1108	96-97	0.23916748265383347
1108	98-99	0.2753934522674939
1108	100	0.23992077112982457
1109	1	-0.04726109586037097
1109	2	-0.08138032191175526
1109	3	-0.06259716161869733
1109	4	-7.066935824582288E-4
1109	5	0.02885433565195683
1109	6	0.05542112217209194
1109	7	0.18326173220117425
1109	8	-0.00906087654865928
1109	9	0.07395155999967784
1109	10-11	0.009190612322946379
1109	12-13	-0.043618988547038384
1109	14-15	-0.02504972440237907
1109	16-17	-0.0316284266494975
1109	18-19	-0.048223108976927165
1109	20-21	-0.023778422989522596
1109	22-23	-0.017162223933198106
1109	24-25	-0.003681747368517563
1109	26-27	-0.03116630776078466
1109	28-29	-0.049566791916888064
1109	30-31	-0.03005910747310736
1109	32-33	-0.14091899088029436
1109	34-35	-0.13053189537713195
1109	36-37	-0.09439965634110337
1109	38-39	-0.10655129631380333
1109	40-41	-0.08190899977333999
1109	42-43	-0.08566867408953271
1109	44-45	0.04087199458463431
1109	46-47	0.02446493444921316
1109	48-49	-0.023691168536139173
1109	50-51	0.07674041595544168
1109	52-53	0.020142084296438156
1109	54-55	-0.05409330491828257
1109	56-57	0.018533995539627313
1109	58-59	8.717042593175961E-4
1109	60-61	0.09470568543761004
1109	62-63	-0.011907702450734803
1109	64-65	-0.1016749479625716
1109	66-67	0.029666598633092178
1109	68-69	-0.07485104805822118
1109	70-71	-0.059567940090140326
1109	72-73	-0.06661872661440071
1109	74-75	-0.06363956486005407
1109	76-77	0.05917231965089087
1109	78-79	-0.159511988695904
1109	80-81	-0.037555332724977575
1109	82-83	-0.30634024814338545
1109	84-85	-0.2167274784508848
1109	86-87	-0.11939177871691697
1109	88-89	-0.07037119085331511
1109	90-91	-0.14252542243533384
1109	92-93	-0.17530796611459465
1109	94-95	0.03935659252802992
1109	96-97	-0.04951589147889024
1109	98-99	0.0802063476447259
1109	100	0.02499199310725686
1110	1	0.05386930334648454
1110	2	0.09220085102775855
1110	3	0.07781329202175158
1110	4	0.08539597398230825
1110	5	-0.017392829253232378
1110	6	0.13340627990557863
1110	7	0.10963311251367003
1110	8	0.12639316228493414
1110	9	0.11163720514776543
1110	10-11	0.0900691631347641
1110	12-13	0.12313770389864231
1110	14-15	0.12438385953836928
1110	16-17	0.12361396463592911
1110	18-19	0.06874798434004958
1110	20-21	0.06523008271387454
1110	22-23	0.13292063708908586
1110	24-25	0.13020764380451055
1110	26-27	0.19023990750045527
1110	28-29	0.15406314776365804
1110	30-31	0.04397762142563266
1110	32-33	0.09814594118806497
1110	34-35	0.11595327518134013
1110	36-37	0.0542544194420671
1110	38-39	0.12160536464747196
1110	40-41	0.1032172585411999
1110	42-43	0.10279989779076004
1110	44-45	0.07409783076557375
1110	46-47	0.08448128921130404
1110	48-49	-0.05579591959928365
1110	50-51	0.0589688449981125
1110	52-53	0.10801103080252261
1110	54-55	0.029300000231529566
1110	56-57	0.06385132803110594
1110	58-59	0.1421490619814918
1110	60-61	0.004828290834026916
1110	62-63	0.11040078429783051
1110	64-65	0.1352145201035242
1110	66-67	0.16062255239396706
1110	68-69	0.17022202890974825
1110	70-71	0.14182451267423346
1110	72-73	0.1011060139893587
1110	74-75	0.2239192010342279
1110	76-77	0.07961846366488601
1110	78-79	0.19684904982474194
1110	80-81	0.19171873132056305
1110	82-83	0.10930194210655486
1110	84-85	0.065590383174019
1110	86-87	0.08788713075693266
1110	88-89	0.13033787009647568
1110	90-91	0.1695687887091779
1110	92-93	0.16510459803764377
1110	94-95	0.07935881552470647
1110	96-97	0.13092080181667853
1110	98-99	0.2865887937994813
1110	100	0.2547734037364151
1111	1	0.05708145279461263
1111	2	0.030388150505892497
1111	3	0.06834748295673876
1111	4	-0.004550467053121565
1111	5	-0.02436564215648218
1111	6	0.06978611145692781
1111	7	-0.04097377823925541
1111	8	-0.07372568813026703
1111	9	0.01665546266503526
1111	10-11	0.02490345648187997
1111	12-13	-0.04717775222047038
1111	14-15	-0.06918591932820561
1111	16-17	-0.08381319213257399
1111	18-19	-0.015409676983637155
1111	20-21	0.008352565548811697
1111	22-23	-0.026005954138625498
1111	24-25	0.08793591190809735
1111	26-27	0.1305260872558094
1111	28-29	0.10782018874085253
1111	30-31	0.18357375056228165
1111	32-33	0.12965375705557136
1111	34-35	0.20618458639492587
1111	36-37	0.12108390906350053
1111	38-39	0.07375927344970279
1111	40-41	0.08346204091598253
1111	42-43	0.1046296919517431
1111	44-45	0.11461381789195002
1111	46-47	0.06362875788772726
1111	48-49	0.16477257574452153
1111	50-51	0.21549053084220304
1111	52-53	0.14335967316178255
1111	54-55	0.2236429981531245
1111	56-57	0.13810001239740188
1111	58-59	0.08441517732301662
1111	60-61	0.08427865922974576
1111	62-63	0.13317560009996754
1111	64-65	0.20666048358894074
1111	66-67	0.20854102172906153
1111	68-69	0.14722500779789982
1111	70-71	0.02073016095150848
1111	72-73	0.14921533477360782
1111	74-75	0.12510913075129793
1111	76-77	0.24015962872692143
1111	78-79	0.20551578539848236
1111	80-81	0.14690008033591084
1111	82-83	0.2058590196742074
1111	84-85	0.13017277946259043
1111	86-87	0.15688415061177352
1111	88-89	0.17332065612710323
1111	90-91	0.23714020066194053
1111	92-93	0.12770684161991852
1111	94-95	0.17378904431446784
1111	96-97	0.07632308884583239
1111	98-99	0.20192402841948365
1111	100	0.30900766904075994
1112	1	-0.06578396409429388
1112	2	0.00618125707071826
1112	3	-0.10082243036418959
1112	4	-0.03132262557549126
1112	5	-6.203185889717133E-4
1112	6	0.021987177757182508
1112	7	0.0166402540328221
1112	8	0.06517288534014654
1112	9	0.10081309876273536
1112	10-11	-0.022341696859655258
1112	12-13	0.010158146292319259
1112	14-15	0.021012801005291237
1112	16-17	0.07246419874724808
1112	18-19	0.13208464772311856
1112	20-21	0.03593761872679835
1112	22-23	0.02740295718366781
1112	24-25	0.08321639837126327
1112	26-27	-0.0029647536279284736
1112	28-29	-0.011164130315876264
1112	30-31	0.0808059242808099
1112	32-33	0.08528387889317202
1112	34-35	0.0807876648557766
1112	36-37	-0.03050853160178235
1112	38-39	0.0907304035194727
1112	40-41	0.23876926438913415
1112	42-43	0.15679065180923857
1112	44-45	0.09789834436001854
1112	46-47	0.1838531744063161
1112	48-49	0.02023264789201562
1112	50-51	0.05430820272989223
1112	52-53	0.02887366023820448
1112	54-55	-0.03531648155775713
1112	56-57	-0.08108977251438887
1112	58-59	-0.06380412787756029
1112	60-61	-0.13499189951679824
1112	62-63	-0.062041155821859206
1112	64-65	0.11249266205199149
1112	66-67	-0.06975037429744191
1112	68-69	-0.12094069791848483
1112	70-71	-0.05388736302257513
1112	72-73	-0.042907168802479134
1112	74-75	0.061296891364314376
1112	76-77	0.1312091498960939
1112	78-79	0.07844244638200593
1112	80-81	0.09944538105437317
1112	82-83	0.1546883921350215
1112	84-85	-0.015370341147374234
1112	86-87	-0.09807600015425777
1112	88-89	-0.08847585644152645
1112	90-91	-0.007997518512205204
1112	92-93	-0.0872949184475047
1112	94-95	0.09163059274217034
1112	96-97	0.005945027904310507
1112	98-99	-6.968505733979669E-4
1112	100	0.06740376588463448
1113	1	0.04703492016614774
1113	2	0.06695313979158612
1113	3	-0.023051392815929717
1113	4	-0.004882398410074984
1113	5	0.011390283034771187
1113	6	-0.15294648814119682
1113	7	-0.1953955733864774
1113	8	0.009418136981722114
1113	9	-0.1360473315152646
1113	10-11	-0.10230980006105028
1113	12-13	-0.07365621810929923
1113	14-15	-0.1598537866319134
1113	16-17	-0.055062597022356385
1113	18-19	0.011996450690162419
1113	20-21	0.03394071274640709
1113	22-23	-0.029872610974798874
1113	24-25	-0.033040997206065015
1113	26-27	0.05023468911412721
1113	28-29	0.004566846519459489
1113	30-31	-0.020790072841272433
1113	32-33	0.03399980694548077
1113	34-35	0.04018288866240738
1113	36-37	-0.10008646092386897
1113	38-39	-0.059180112731972656
1113	40-41	-0.3232237409462684
1113	42-43	-0.21155102195652375
1113	44-45	-0.10840379481716411
1113	46-47	-0.09674831770060877
1113	48-49	-0.015933255296872062
1113	50-51	-0.03659916996737422
1113	52-53	-0.005884786393991703
1113	54-55	0.0759667816938645
1113	56-57	-0.014343607075133491
1113	58-59	-0.05073340684274541
1113	60-61	-0.11120342705316943
1113	62-63	-0.015048539938199212
1113	64-65	0.038761266331526656
1113	66-67	-0.008977769652275924
1113	68-69	-0.09076075853518262
1113	70-71	-0.0862963933249219
1113	72-73	-0.051307543253692245
1113	74-75	-0.22743376056283182
1113	76-77	-0.02602968323281374
1113	78-79	-0.026887424175136232
1113	80-81	-0.042473341722526925
1113	82-83	-0.007671419763767062
1113	84-85	0.05963498682997681
1113	86-87	0.04392676517498728
1113	88-89	0.003947405841095986
1113	90-91	-0.13438389575996013
1113	92-93	0.017709607243055814
1113	94-95	-0.08740523714927662
1113	96-97	-0.11030298265722394
1113	98-99	-0.11505213763385314
1113	100	-0.20776601010761198
1114	1	-0.17561817577924188
1114	2	-0.29310804619342434
1114	3	-0.2391642185823315
1114	4	-0.046875732915900414
1114	5	-0.06818771126204837
1114	6	-0.30432834035488554
1114	7	-0.18322869255873542
1114	8	-0.16402103816874103
1114	9	-0.1415197756109734
1114	10-11	-0.1440028140411158
1114	12-13	-0.232473839765035
1114	14-15	-0.18397355723558917
1114	16-17	-0.1360933059392906
1114	18-19	-0.09096844482537847
1114	20-21	-0.2085756765981941
1114	22-23	-0.27738479967523233
1114	24-25	-0.22876700145253182
1114	26-27	-0.20170751943555132
1114	28-29	-0.1918401618158896
1114	30-31	-0.1381342702925039
1114	32-33	-0.39051038805177996
1114	34-35	-0.5495599623099849
1114	36-37	-0.20461345968398348
1114	38-39	-0.15658017334764196
1114	40-41	-0.026491380333460768
1114	42-43	0.030181077520893496
1114	44-45	0.026685326367882567
1114	46-47	-0.02264146271217271
1114	48-49	-0.043804455517467034
1114	50-51	-0.20956414388876254
1114	52-53	-0.3130865291818026
1114	54-55	-0.2161974058156062
1114	56-57	-0.3390364331539715
1114	58-59	-0.22019766010044606
1114	60-61	-0.318121375039766
1114	62-63	-0.39753066343259746
1114	64-65	-0.3736665328171469
1114	66-67	-0.47113257941802544
1114	68-69	-0.22351901950847264
1114	70-71	-0.12577956018656522
1114	72-73	-0.21861441963590522
1114	74-75	-0.18118575183138574
1114	76-77	-0.36457937440329147
1114	78-79	-0.41351988042529086
1114	80-81	-0.487442364707384
1114	82-83	-0.4336561904996472
1114	84-85	-0.30098540727819056
1114	86-87	-0.3008978380181375
1114	88-89	-0.2357869456280639
1114	90-91	-0.10828187446291082
1114	92-93	-0.14488290647799573
1114	94-95	-0.41007227415413183
1114	96-97	-0.4509945889734226
1114	98-99	-0.30648761565757354
1114	100	-0.5161523515132558
1115	1	-0.027777633289964854
1115	2	0.004670701449665415
1115	3	0.05502653254428225
1115	4	0.0559547654292345
1115	5	0.04304912051971854
1115	6	-0.1539572082831242
1115	7	-0.1582045816084019
1115	8	0.03318368688912443
1115	9	-0.01881082103109577
1115	10-11	0.06473460340725978
1115	12-13	0.0475752566120633
1115	14-15	0.07090692930222531
1115	16-17	0.1123608654930095
1115	18-19	-0.10970977039865915
1115	20-21	-0.03830858466626097
1115	22-23	0.030001546994157025
1115	24-25	-0.08310997162416811
1115	26-27	-0.033786389080091794
1115	28-29	-0.07273730649529142
1115	30-31	-0.03995891986581768
1115	32-33	0.05990633450313965
1115	34-35	-0.09465308406419837
1115	36-37	-0.042001719299911144
1115	38-39	0.0630663962671747
1115	40-41	-0.09087839009656307
1115	42-43	-0.15716569967753458
1115	44-45	-0.11770327798723912
1115	46-47	-0.08730438364998605
1115	48-49	0.019379743872931954
1115	50-51	-0.03718331884962822
1115	52-53	0.03439695227096706
1115	54-55	5.739113857785583E-4
1115	56-57	0.08108892052792527
1115	58-59	0.060711310686137665
1115	60-61	0.09192488011126443
1115	62-63	0.07866747206242763
1115	64-65	0.10233495708204998
1115	66-67	0.05305777746586671
1115	68-69	0.07135556537073029
1115	70-71	0.1391391263103685
1115	72-73	0.01012530100764053
1115	74-75	0.12764177169624702
1115	76-77	0.30492595152701085
1115	78-79	0.24545245094788726
1115	80-81	0.12278480744613063
1115	82-83	0.12631756792415416
1115	84-85	0.053469856286355366
1115	86-87	0.13766327375199694
1115	88-89	0.15326164328486414
1115	90-91	0.09671236919380277
1115	92-93	0.18768971811967816
1115	94-95	0.22416022159196558
1115	96-97	0.15066716645788603
1115	98-99	0.09232004912596636
1115	100	0.10615975241288567
1116	1	-0.008836337558257412
1116	2	-0.08542699520748442
1116	3	-0.1321416427063582
1116	4	-0.20767197102249213
1116	5	-0.05126436737094764
1116	6	-0.1831560417155913
1116	7	0.022101753959866244
1116	8	0.001076681405535851
1116	9	-0.03897650402419117
1116	10-11	-0.009859803534524758
1116	12-13	-0.08208996969398896
1116	14-15	-0.001646767325397036
1116	16-17	-0.009481237857940528
1116	18-19	-0.02381499019494271
1116	20-21	2.050440309560031E-4
1116	22-23	-0.09639535943696131
1116	24-25	-0.08348609397916107
1116	26-27	-0.0666932024310185
1116	28-29	-0.04157508351644168
1116	30-31	0.07832712020476862
1116	32-33	-0.08514301411084091
1116	34-35	-0.009898399518512235
1116	36-37	-0.008625199946102668
1116	38-39	0.005565227877276868
1116	40-41	0.02058865894385775
1116	42-43	0.0298803381716084
1116	44-45	-0.01488393615176875
1116	46-47	-0.0038387918674303023
1116	48-49	-0.06179260159539979
1116	50-51	0.06653033000895903
1116	52-53	0.12236685002588388
1116	54-55	0.12476687316882362
1116	56-57	0.13853806356064524
1116	58-59	0.05587597292399238
1116	60-61	0.0029431082624000737
1116	62-63	-0.004193444788008094
1116	64-65	0.10740728883649808
1116	66-67	0.062306692206959724
1116	68-69	0.06683801697337799
1116	70-71	0.15106277301094195
1116	72-73	0.13730543524214767
1116	74-75	0.1851687833597353
1116	76-77	0.1725498775569747
1116	78-79	0.254780344463164
1116	80-81	0.2363802320866526
1116	82-83	0.1935297734809609
1116	84-85	0.14776566117839707
1116	86-87	0.23161786813673757
1116	88-89	-0.03540606178399486
1116	90-91	0.18128342592691382
1116	92-93	0.0653316071350929
1116	94-95	0.15832449294399709
1116	96-97	0.10128775680966129
1116	98-99	0.14761128962732073
1116	100	0.2583976544736686
1117	1	0.06759812537205434
1117	2	0.0806174314287027
1117	3	0.10940232311640585
1117	4	0.027712810663103937
1117	5	0.01897792431954315
1117	6	0.09879497431049344
1117	7	-0.0655967511244171
1117	8	-0.04483380578415108
1117	9	-0.0388011948872915
1117	10-11	0.007962253230061833
1117	12-13	-0.04065862803613385
1117	14-15	-0.06677042296063007
1117	16-17	0.06663963983314147
1117	18-19	0.034261665328962465
1117	20-21	-0.014426584000140963
1117	22-23	0.0472172542012359
1117	24-25	0.06382140320414464
1117	26-27	0.05090540298071744
1117	28-29	-0.010469197060189117
1117	30-31	-0.013545146385489204
1117	32-33	0.06292695534652637
1117	34-35	0.0947142916557766
1117	36-37	0.08555344467166037
1117	38-39	-0.02612802583522722
1117	40-41	0.05522313385304756
1117	42-43	0.030772495321379267
1117	44-45	0.012042254765020743
1117	46-47	0.036437764273806295
1117	48-49	0.011865674066029896
1117	50-51	-0.009630576893314924
1117	52-53	0.12955325618450075
1117	54-55	0.09997454320016175
1117	56-57	0.1333089115990589
1117	58-59	0.08313316845719498
1117	60-61	0.2600559003298386
1117	62-63	0.14712686600022096
1117	64-65	0.0742395480854654
1117	66-67	0.13981361505164358
1117	68-69	0.26961361521289007
1117	70-71	0.24842671058013366
1117	72-73	0.2669127165316141
1117	74-75	0.20151626560618752
1117	76-77	0.40072063504233313
1117	78-79	0.24849684815629303
1117	80-81	0.1503699814009991
1117	82-83	0.35038634068894936
1117	84-85	0.24449687695891953
1117	86-87	0.2056214433117276
1117	88-89	0.19074882652116543
1117	90-91	0.08917656089460024
1117	92-93	0.10719335211535252
1117	94-95	0.12246312380529645
1117	96-97	0.0611931546106419
1117	98-99	0.16899966771629238
1117	100	0.02436831830335251
1118	1	0.07737670315434286
1118	2	0.19087282488172264
1118	3	0.17456999941159523
1118	4	0.13632776698677418
1118	5	0.17402323262536612
1118	6	0.2595130091566702
1118	7	0.19976301588791756
1118	8	0.18315561049704598
1118	9	0.21294096035484245
1118	10-11	0.17703335985535062
1118	12-13	0.15560941345938062
1118	14-15	0.22961803003959602
1118	16-17	0.17271152576012838
1118	18-19	0.14786076076465804
1118	20-21	0.09751676852096125
1118	22-23	0.15573047857951394
1118	24-25	0.18263948092311466
1118	26-27	0.1406519640757864
1118	28-29	0.1542892123587336
1118	30-31	0.1748067263828048
1118	32-33	0.17242438390543668
1118	34-35	0.27249252268214263
1118	36-37	0.2254390055355202
1118	38-39	0.16607950772068847
1118	40-41	0.22138652859515418
1118	42-43	0.20845203757701114
1118	44-45	0.1408131181825496
1118	46-47	0.23357808336948693
1118	48-49	0.2893054058594302
1118	50-51	0.30779355116037266
1118	52-53	0.3188659145212256
1118	54-55	0.3005439391601499
1118	56-57	0.27552647103219385
1118	58-59	0.3594089551088544
1118	60-61	0.32218539554490633
1118	62-63	0.34051589828257534
1118	64-65	0.37585092566340705
1118	66-67	0.4038658129112207
1118	68-69	0.5318683481310131
1118	70-71	0.543355172875323
1118	72-73	0.5281108522938851
1118	74-75	0.5202763680814968
1118	76-77	0.5275835178643646
1118	78-79	0.6467275754614761
1118	80-81	0.5732529962619566
1118	82-83	0.6979895142000032
1118	84-85	0.5150532105066858
1118	86-87	0.5471788316514932
1118	88-89	0.529174290168875
1118	90-91	0.5249955302360831
1118	92-93	0.5180293168956425
1118	94-95	0.49226530887663245
1118	96-97	0.505364656259367
1118	98-99	0.5577165319361725
1118	100	0.4989501190178487
>>END_MODULE
>>Per sequence quality scores	pass
#Quality	Count
25	1.0
26	2.0
27	64.0
28	786.0
29	3616.0
30	8541.0
31	13996.0
32	20793.0
33	29237.0
34	38994.0
35	50957.0
36	67426.0
37	89436.0
38	121369.0
39	179648.0
40	352246.0
41	1022888.0
>>END_MODULE
>>Per base sequence content	fail
#Base	G	A	T	C
1	26.6451	12.014750000000001	15.850900000000001	45.48925
2	25.454850909701822	19.607089214178426	34.25511851023702	20.68294136588273
3	24.7396	23.8211	24.721899999999998	26.7174
4	25.4032	29.04165	18.98995	26.5652
5	25.50175	32.1608	21.40995	20.9275
6	20.535249999999998	34.68575	21.72485	23.05415
7	19.08575	15.8671	41.454800000000006	23.59235
8	22.49165	21.0884	27.3404	29.079549999999998
9	22.18995	19.32855	30.14305	28.338449999999998
10-11	24.162475	29.681425	21.049599999999998	25.106499999999997
12-13	23.650775	22.814725	28.02965	25.50485
14-15	23.580000000000002	24.978025000000002	26.579425	24.86255
16-17	24.851375	24.801000000000002	25.367575	24.980050000000002
18-19	24.523075	25.08165	25.263125	25.132149999999996
20-21	24.6345	25.2461	25.230950000000004	24.888450000000002
22-23	24.577225	25.564799999999998	25.1657	24.692275
24-25	24.41378620629305	25.69127298638631	25.164076856724964	24.730863950595676
26-27	24.419625	25.663999999999998	25.278650000000003	24.637725
28-29	24.589199999999998	25.297199999999997	25.326175	24.787425
30-31	24.339375	25.432100000000002	25.402524999999997	24.826
32-33	24.3389	25.69045	25.384375	24.586275
34-35	24.616975	25.5392	25.154625000000003	24.6892
36-37	24.478949999999998	25.41645	25.333	24.7716
38-39	24.521175	25.521975	25.359825	24.597025
40-41	24.56825	25.466525	25.28435	24.680875
42-43	24.381175	25.34485	25.446475000000003	24.8275
44-45	24.519725	25.325275	25.411025	24.743975000000002
46-47	24.598	25.432074999999998	25.302025	24.6679
48-49	24.500700000000002	25.357750000000003	25.414199999999997	24.72735
50-51	24.5209	25.401625	25.452599999999997	24.624875
52-53	24.631725	25.368000000000002	25.36115	24.639125
54-55	24.471175000000002	25.318375	25.496550000000003	24.7139
56-57	24.50765	25.424975	25.494349999999997	24.573025
58-59	24.572525	25.45135	25.398825000000002	24.577299999999997
60-61	24.465049999999998	25.415074999999998	25.474675	24.6452
62-63	24.523525	25.397674999999996	25.505100000000002	24.573700000000002
64-65	24.563425	25.487575	25.425675	24.523325
66-67	24.565725	25.343	25.465875	24.6254
68-69	24.496575	25.483774999999998	25.53485	24.4848
70-71	24.589575	25.4183	25.443725	24.5484
72-73	24.52045	25.329400000000003	25.560425	24.589725
74-75	24.5226	25.4207	25.608900000000002	24.4478
76-77	24.561275	25.430575	25.50595	24.5022
78-79	24.4543	25.382475	25.565875	24.597350000000002
80-81	24.54505	25.4249	25.557174999999997	24.472875
82-83	24.556325	25.458475000000004	25.488975000000003	24.496225
84-85	24.41845	25.37725	25.625550000000004	24.57875
86-87	24.524525	25.48675	25.5404	24.448325
88-89	24.607175	25.440325	25.515749999999997	24.43675
90-91	24.531	25.365700000000004	25.553525	24.549775
92-93	24.599825	25.50695	25.542725	24.3505
94-95	24.685825	25.466424999999997	25.448999999999998	24.39875
96-97	24.63035	25.44605	25.474825000000003	24.448775
98-99	24.6633	25.59705	25.415425000000003	24.324225
100	24.686700000000002	25.502950000000002	25.279049999999998	24.5313
>>END_MODULE
>>Per sequence GC content	warn
#GC Content	Count
0	67.0
1	49.5
2	19.0
3	6.0
4	4.0
5	3.0
6	5.0
7	4.5
8	6.5
9	17.0
10	28.0
11	29.5
12	31.0
13	44.5
14	48.5
15	61.0
16	115.5
17	166.0
18	241.5
19	380.0
20	599.0
21	805.5
22	1036.0
23	1361.5
24	1769.0
25	2323.5
26	2962.5
27	3727.5
28	4681.5
29	5873.5
30	7132.5
31	8523.0
32	10202.0
33	11852.0
34	13454.5
35	15539.5
36	18110.0
37	21087.5
38	24697.5
39	28762.0
40	33931.0
41	40072.5
42	46703.0
43	54576.0
44	63339.5
45	72764.5
46	82582.5
47	92423.0
48	101807.0
49	110303.0
50	116072.0
51	118185.0
52	117536.0
53	114863.5
54	108822.0
55	99336.5
56	88783.5
57	77344.0
58	65572.0
59	54202.5
60	43342.5
61	33341.5
62	24835.0
63	17753.5
64	12074.5
65	8062.0
66	5333.0
67	3418.0
68	2191.0
69	1434.0
70	936.0
71	618.5
72	448.5
73	330.0
74	281.0
75	205.5
76	120.5
77	85.0
78	87.5
79	58.5
80	23.0
81	5.0
82	1.5
83	1.0
84	0.0
85	0.0
86	0.0
87	0.0
88	0.0
89	0.5
90	0.5
91	0.0
92	0.0
93	0.0
94	0.0
95	0.0
96	0.0
97	0.0
98	0.0
99	0.0
100	0.0
>>END_MODULE
>>Per base N content	pass
#Base	N-Count
1	0.0
2	1.9999999999999998E-4
3	0.0
4	0.0
5	0.0
6	0.0
7	0.0
8	0.0
9	0.0
10-11	0.0
12-13	0.0
14-15	0.0
16-17	0.0
18-19	0.0
20-21	0.0
22-23	0.0
24-25	0.008749999999999999
26-27	0.0
28-29	0.0
30-31	0.0
32-33	0.0
34-35	0.0
36-37	0.0
38-39	0.0
40-41	0.0
42-43	0.0
44-45	0.0
46-47	0.0
48-49	0.0
50-51	0.0
52-53	0.0
54-55	0.0
56-57	0.0
58-59	0.0
60-61	0.0
62-63	0.0
64-65	0.0
66-67	0.0
68-69	0.0
70-71	0.0
72-73	0.0
74-75	0.0
76-77	0.0
78-79	0.0
80-81	0.0
82-83	0.0
84-85	0.0
86-87	0.0
88-89	0.0
90-91	0.0
92-93	0.0
94-95	0.0
96-97	0.0
98-99	0.0
100	0.0
>>END_MODULE
>>Sequence Length Distribution	pass
#Length	Count
100	2000000.0
>>END_MODULE
>>Sequence Duplication Levels	pass
#Total Deduplicated Percentage	81.06308382261767
#Duplication Level	Percentage of deduplicated	Percentage of total
1	87.43107247924648	70.87432357086519
2	8.875333786848225	14.389238534339768
3	1.8388716626549406	4.471938231865014
4	0.6809955637274602	2.2081440186107955
5	0.33652591335922805	1.363991416156104
6	0.22356284616337063	1.0873616242898576
7	0.13586308771051472	0.7709436607233978
8	0.11004078677549517	0.7136196417831011
9	0.0813828514625954	0.5937430418852413
>10	0.28507138392967424	3.466285176117075
>50	0.0012796381219784539	0.06041108336444516
>100	0.0	0.0
>500	0.0	0.0
>1k	0.0	0.0
>5k	0.0	0.0
>10k+	0.0	0.0
>>END_MODULE
>>Overrepresented sequences	pass
>>END_MODULE
>>Adapter Content	pass
#Position	Illumina Universal Adapter	Illumina Small RNA 3' Adapter	Illumina Small RNA 5' Adapter	Nextera Transposase Sequence	SOLID Small RNA Adapter
1	0.0	0.0	0.0	0.0	0.0
2	0.0	0.0	0.0	0.0	0.0
3	0.0	0.0	0.0	0.0	0.0
4	0.0	0.0	0.0	0.0	0.0
5	0.0	0.0	0.0	0.0	0.0
6	0.0	0.0	0.0	0.0	0.0
7	0.0	0.0	0.0	0.0	0.0
8	0.0	0.0	0.0	0.0	0.0
9	0.0	0.0	0.0	0.0	0.0
10-11	0.0	0.0	0.0	7.500000000000001E-5	5.0E-5
12-13	0.0	0.0	0.0	1.0E-4	1.0E-4
14-15	0.0	0.0	0.0	1.0E-4	1.0E-4
16-17	0.0	0.0	0.0	1.0E-4	1.0E-4
18-19	0.0	0.0	0.0	1.0E-4	1.0E-4
20-21	0.0	0.0	0.0	1.0E-4	1.0E-4
22-23	0.0	0.0	0.0	1.0E-4	1.0E-4
24-25	0.0	0.0	0.0	1.0E-4	1.25E-4
26-27	0.0	0.0	0.0	1.0E-4	1.5E-4
28-29	0.0	0.0	0.0	1.0E-4	1.5E-4
30-31	0.0	0.0	0.0	1.0E-4	1.5E-4
32-33	0.0	0.0	0.0	1.0E-4	1.9999999999999998E-4
34-35	0.0	0.0	0.0	1.0E-4	2.7499999999999996E-4
36-37	0.0	0.0	9.999999999999999E-5	1.0E-4	3.5E-4
38-39	0.0	5.0E-5	1.5E-4	1.5E-4	3.5E-4
40-41	0.0	5.0E-5	1.5E-4	1.5E-4	4.2500000000000003E-4
42-43	0.0	5.0E-5	1.5E-4	1.5E-4	6.5E-4
44-45	0.0	5.0E-5	1.5E-4	1.5E-4	9.25E-4
46-47	0.0	5.0E-5	1.5E-4	1.5E-4	9.5E-4
48-49	0.0	5.0E-5	1.5E-4	1.5E-4	0.0012
50-51	0.0	5.0E-5	1.5E-4	1.5E-4	0.001225
52-53	0.0	5.0E-5	1.5E-4	1.5E-4	0.00125
54-55	0.0	5.0E-5	1.5E-4	1.5E-4	0.00125
56-57	0.0	5.0E-5	1.5E-4	1.5E-4	0.00135
58-59	0.0	5.0E-5	1.5E-4	1.5E-4	0.00155
60-61	0.0	5.0E-5	1.5E-4	1.5E-4	0.00165
62-63	0.0	5.0E-5	1.5E-4	1.5E-4	0.002025
64-65	0.0	5.0E-5	1.5E-4	1.5E-4	0.00205
66-67	0.0	5.0E-5	1.5E-4	1.5E-4	0.00205
68-69	0.0	5.0E-5	1.5E-4	2.0E-4	0.00205
70-71	0.0	5.0E-5	1.5E-4	2.0E-4	0.0021999999999999997
72-73	2.5E-5	5.0E-5	1.75E-4	2.0E-4	0.00225
74-75	5.0E-5	5.0E-5	2.25E-4	2.0E-4	0.002425
76-77	5.0E-5	5.0E-5	2.5E-4	2.0E-4	0.0026
78-79	7.500000000000001E-5	5.0E-5	2.5E-4	2.0E-4	0.00265
80-81	1.5E-4	5.0E-5	2.5E-4	2.0E-4	0.0030499999999999998
82-83	1.5E-4	5.0E-5	2.5E-4	2.0E-4	0.003225
84-85	0.014974999999999999	5.0E-5	2.5E-4	2.0E-4	0.0035
86-87	0.078625	5.0E-5	2.5E-4	2.0E-4	0.0036750000000000003
88-89	0.15662500000000001	7.500000000000001E-5	2.7499999999999996E-4	2.25E-4	0.00375
>>END_MODULE
