##FastQC	0.11.7
>>Basic Statistics	pass
#Measure	Value
Filename	218_L8_2.fq.gz
File type	Conventional base calls
Encoding	Sanger / Illumina 1.9
Total Sequences	2000000
Sequences flagged as poor quality	0
Sequence length	100
%GC	49
>>END_MODULE
>>Per base sequence quality	pass
#Base	Mean	Median	Lower Quartile	Upper Quartile	10th Percentile	90th Percentile
1	30.5669565	32.0	32.0	32.0	27.0	32.0
2	31.3343875	32.0	32.0	32.0	32.0	32.0
3	34.6520105	37.0	32.0	37.0	27.0	37.0
4	35.490232	37.0	37.0	37.0	32.0	37.0
5	35.7617005	37.0	37.0	37.0	32.0	37.0
6	38.5097875	42.0	37.0	42.0	32.0	42.0
7	38.964764	42.0	37.0	42.0	32.0	42.0
8	39.4206415	42.0	37.0	42.0	32.0	42.0
9	39.54022	42.0	37.0	42.0	32.0	42.0
10-11	39.631107	42.0	39.5	42.0	32.0	42.0
12-13	39.65071475	42.0	42.0	42.0	32.0	42.0
14-15	39.9866645	42.0	42.0	42.0	37.0	42.0
16-17	40.027165499999995	42.0	42.0	42.0	37.0	42.0
18-19	39.8979375	42.0	42.0	42.0	37.0	42.0
20-21	39.92253975	42.0	42.0	42.0	37.0	42.0
22-23	40.03496825	42.0	42.0	42.0	37.0	42.0
24-25	39.97868875	42.0	42.0	42.0	37.0	42.0
26-27	40.02639875	42.0	42.0	42.0	37.0	42.0
28-29	39.956342	42.0	42.0	42.0	37.0	42.0
30-31	39.7953405	42.0	42.0	42.0	34.5	42.0
32-33	39.786072250000004	42.0	42.0	42.0	34.5	42.0
34-35	39.77140225	42.0	42.0	42.0	34.5	42.0
36-37	39.704541750000004	42.0	42.0	42.0	32.0	42.0
38-39	39.71522725	42.0	42.0	42.0	34.5	42.0
40-41	39.815107499999996	42.0	42.0	42.0	37.0	42.0
42-43	39.824301500000004	42.0	42.0	42.0	34.5	42.0
44-45	39.68939675	42.0	42.0	42.0	32.0	42.0
46-47	39.5184055	42.0	39.5	42.0	32.0	42.0
48-49	39.41652275	42.0	37.0	42.0	32.0	42.0
50-51	39.50493375	42.0	37.0	42.0	32.0	42.0
52-53	39.4410005	42.0	37.0	42.0	32.0	42.0
54-55	39.399411	42.0	37.0	42.0	32.0	42.0
56-57	39.259739249999996	42.0	37.0	42.0	32.0	42.0
58-59	39.2853565	42.0	37.0	42.0	32.0	42.0
60-61	39.226973	42.0	37.0	42.0	32.0	42.0
62-63	39.123094	42.0	37.0	42.0	32.0	42.0
64-65	39.197072000000006	42.0	37.0	42.0	32.0	42.0
66-67	39.157834	42.0	37.0	42.0	32.0	42.0
68-69	39.1843105	42.0	37.0	42.0	32.0	42.0
70-71	39.021531499999995	42.0	37.0	42.0	32.0	42.0
72-73	38.99476475	42.0	37.0	42.0	32.0	42.0
74-75	38.9594235	42.0	37.0	42.0	32.0	42.0
76-77	38.17855475	42.0	37.0	42.0	32.0	42.0
78-79	38.42846725	42.0	37.0	42.0	32.0	42.0
80-81	38.975064	42.0	37.0	42.0	32.0	42.0
82-83	38.949681749999996	42.0	37.0	42.0	32.0	42.0
84-85	38.934706000000006	42.0	37.0	42.0	32.0	42.0
86-87	39.04428675	42.0	37.0	42.0	32.0	42.0
88-89	38.81119025	42.0	37.0	42.0	32.0	42.0
90-91	38.536657000000005	42.0	37.0	42.0	32.0	42.0
92-93	38.47334975	42.0	37.0	42.0	32.0	42.0
94-95	38.493784250000004	42.0	37.0	42.0	32.0	42.0
96-97	38.465359250000006	42.0	37.0	42.0	32.0	42.0
98-99	38.436738500000004	42.0	37.0	42.0	32.0	42.0
100	38.2751835	42.0	37.0	42.0	32.0	42.0
>>END_MODULE
>>Per tile sequence quality	pass
#Tile	Base	Mean
1101	1	0.05249921762954557
1101	2	-0.2095008651141228
1101	3	-0.10269077750793087
1101	4	-0.13402448902232322
1101	5	-0.03205762804966383
1101	6	0.14656940599198975
1101	7	0.0960784202386904
1101	8	-0.130209030772086
1101	9	-0.04485917872443679
1101	10-11	-0.16037014494381197
1101	12-13	-0.08695485830266136
1101	14-15	-0.11207976204273251
1101	16-17	-0.21083506771172722
1101	18-19	-0.19894331078243965
1101	20-21	-0.35938732176013843
1101	22-23	-0.2880804941146877
1101	24-25	-0.08529039169377484
1101	26-27	0.029620004973644143
1101	28-29	-0.07434585628454471
1101	30-31	-0.07864653273351507
1101	32-33	-0.014866363257652893
1101	34-35	-0.11942701046585569
1101	36-37	-0.0067541143085492195
1101	38-39	-0.09121005107378011
1101	40-41	-0.1925303142229282
1101	42-43	-0.16446791316956677
1101	44-45	0.021321852034795086
1101	46-47	0.0837422838227937
1101	48-49	-0.25766156890543357
1101	50-51	0.025190504204353203
1101	52-53	-0.11813392765712649
1101	54-55	-0.07456825507925657
1101	56-57	-0.058452054002891884
1101	58-59	0.048797509612043655
1101	60-61	0.04938993740491071
1101	62-63	-0.003754219377938739
1101	64-65	-0.09600891731337668
1101	66-67	-0.05127483813095779
1101	68-69	-0.13339278455953973
1101	70-71	-0.07810417225950061
1101	72-73	-0.05522650551912278
1101	74-75	-0.015493694605581254
1101	76-77	-0.16806807087840525
1101	78-79	-0.18262893827699855
1101	80-81	-0.146499651830581
1101	82-83	-0.19187616241256222
1101	84-85	-0.1979683766670277
1101	86-87	-0.045145492114819774
1101	88-89	-0.13157831674639908
1101	90-91	-0.3857691993329837
1101	92-93	-0.3294450891519176
1101	94-95	-0.14653453343691325
1101	96-97	-0.08555530364643005
1101	98-99	-0.27394774776169584
1101	100	-0.06186676445626205
1102	1	-0.17212058114844453
1102	2	-0.18690399827544013
1102	3	-0.18159037630848474
1102	4	-0.08791781516818986
1102	5	-0.040532657232674296
1102	6	-0.028486524510014988
1102	7	0.10750906908131697
1102	8	-0.06574470649160702
1102	9	-0.11056099646815909
1102	10-11	-0.21859644498560726
1102	12-13	-0.2747602909899669
1102	14-15	-0.2785983413986699
1102	16-17	-0.033957559573011054
1102	18-19	-0.2513156554362226
1102	20-21	-0.3757008830822315
1102	22-23	-0.3116538946423333
1102	24-25	-0.22949322574562814
1102	26-27	-0.2482277336950034
1102	28-29	-0.3309950693336958
1102	30-31	-0.30733948553201174
1102	32-33	-0.3208783054160449
1102	34-35	-0.3604489615783848
1102	36-37	-0.1382587673114628
1102	38-39	-0.17805520085553184
1102	40-41	-0.2750979469907975
1102	42-43	-0.12499803549452082
1102	44-45	-0.1847369190951511
1102	46-47	-0.26274053096573624
1102	48-49	-0.10151399804916394
1102	50-51	-0.16695584635005645
1102	52-53	-0.20385870135829975
1102	54-55	-0.16633451840154834
1102	56-57	-0.003129577258917493
1102	58-59	-0.21117408153968853
1102	60-61	-0.19424778617019456
1102	62-63	-0.10773280353622283
1102	64-65	-0.06448331585939826
1102	66-67	-0.08095765019657364
1102	68-69	-0.0885461998538446
1102	70-71	-0.06294855551545453
1102	72-73	-0.2231255537645893
1102	74-75	-0.10182166746019305
1102	76-77	-0.13483524772527744
1102	78-79	-0.12678076907979374
1102	80-81	0.014486648383332579
1102	82-83	-0.07761265298957909
1102	84-85	-0.11697773777330411
1102	86-87	0.032857182890644765
1102	88-89	-0.10764194352437073
1102	90-91	0.023164682487575305
1102	92-93	-0.0660772416078359
1102	94-95	0.10384926890218793
1102	96-97	-0.2829065961343886
1102	98-99	0.058576006927701485
1102	100	-0.06556320919843017
1103	1	0.08479007018932805
1103	2	0.03567832176896957
1103	3	0.0590691924123945
1103	4	-0.053503573250040404
1103	5	-2.745282394371884E-4
1103	6	0.11488189344323274
1103	7	0.10005808000853023
1103	8	-0.07525238579005133
1103	9	-0.03146100348816816
1103	10-11	-0.02755507161858617
1103	12-13	-0.22061541316816857
1103	14-15	-0.16881175405379878
1103	16-17	-0.20501430591301784
1103	18-19	0.020835516645469454
1103	20-21	-0.0874036690422102
1103	22-23	-0.11323994279145921
1103	24-25	-0.19700735177586637
1103	26-27	-0.2359138393775666
1103	28-29	-0.28450976065906275
1103	30-31	-0.09201442010886751
1103	32-33	-0.08687599462658113
1103	34-35	-0.13575509725701806
1103	36-37	-0.25973154107239793
1103	38-39	-0.23475718006741886
1103	40-41	-0.23241896828835706
1103	42-43	-0.191669193327634
1103	44-45	-0.13071271833286602
1103	46-47	-0.22896276037634067
1103	48-49	-0.23587586142207329
1103	50-51	-0.2791457411044789
1103	52-53	-0.2317919083866684
1103	54-55	-0.1091805631825764
1103	56-57	-0.16088274580320672
1103	58-59	-0.10317932936543173
1103	60-61	-0.17786381576822663
1103	62-63	-0.0900761005271491
1103	64-65	-0.26929318893130016
1103	66-67	-0.13026362412401227
1103	68-69	-0.16291644411524686
1103	70-71	-0.19183952577069618
1103	72-73	-0.30164603614935004
1103	74-75	-0.2235106696022342
1103	76-77	-0.21826214668291755
1103	78-79	-0.26364310671876723
1103	80-81	-0.2140744512672228
1103	82-83	-0.24733188161052055
1103	84-85	-0.23177652988203334
1103	86-87	-0.24124122769917022
1103	88-89	-0.4075091582933297
1103	90-91	-0.26899351788142667
1103	92-93	-0.27944386789271647
1103	94-95	-0.22285437767764193
1103	96-97	-0.15312904318196274
1103	98-99	-0.24492418752030432
1103	100	-0.0798704789825635
1104	1	0.05326557170714352
1104	2	0.03670906850780398
1104	3	0.20882183424826195
1104	4	0.15663224586125324
1104	5	0.23039283508434494
1104	6	0.49938360760268097
1104	7	0.2777903863564646
1104	8	0.19104396979937377
1104	9	0.19707701653605625
1104	10-11	0.10239123676747397
1104	12-13	0.19346647198079836
1104	14-15	0.19198162967854415
1104	16-17	0.14352847574480876
1104	18-19	0.0891858282968343
1104	20-21	0.18336610634055717
1104	22-23	0.04507140314257896
1104	24-25	0.033139536828628025
1104	26-27	0.11971940438669293
1104	28-29	0.11070677519898453
1104	30-31	0.16432727720005147
1104	32-33	0.2230382695586428
1104	34-35	0.14117454252128425
1104	36-37	0.12679222609173735
1104	38-39	0.17186618587647473
1104	40-41	0.1085892192723037
1104	42-43	0.09187278625348938
1104	44-45	0.06419228575002478
1104	46-47	0.13075556837259938
1104	48-49	0.12006382148773298
1104	50-51	-0.02645612757364546
1104	52-53	0.10298202787879518
1104	54-55	0.09743690039362463
1104	56-57	0.1339230142897705
1104	58-59	0.018174244122675987
1104	60-61	0.02655621176511147
1104	62-63	0.09625247553685767
1104	64-65	0.06480476864641815
1104	66-67	0.17638063119358094
1104	68-69	0.08126228035070682
1104	70-71	0.10979662101667742
1104	72-73	0.09668111786511702
1104	74-75	0.03906352872188279
1104	76-77	0.21878564808201872
1104	78-79	0.12546963599103123
1104	80-81	0.11084862579575372
1104	82-83	0.14628738360799076
1104	84-85	0.12438182590917535
1104	86-87	0.05647838731248811
1104	88-89	0.07065209994794941
1104	90-91	0.028857072263782868
1104	92-93	0.016590666613957694
1104	94-95	0.018425098298749276
1104	96-97	0.13402556101800656
1104	98-99	0.020955570287284786
1104	100	-0.15710779369128858
1105	1	0.015177542145593748
1105	2	-0.002303649702280808
1105	3	0.05725736728811626
1105	4	-0.021191954443850136
1105	5	0.03952530127587295
1105	6	-0.023834555817195735
1105	7	0.025557033416532704
1105	8	-0.04113744415089826
1105	9	-0.17273811927275062
1105	10-11	-0.009353029158944537
1105	12-13	0.04276280020541634
1105	14-15	0.017112983101476686
1105	16-17	0.004762936864821654
1105	18-19	-0.0017392386895878076
1105	20-21	0.03801887077001709
1105	22-23	-0.0112672665129665
1105	24-25	-0.10044934058545607
1105	26-27	-0.05460426492997783
1105	28-29	-0.1199106116762465
1105	30-31	-0.11651253185579691
1105	32-33	-0.0892614703022403
1105	34-35	-0.05465617694218139
1105	36-37	-0.027263446623081222
1105	38-39	-0.07413132162075442
1105	40-41	-0.08253696269254363
1105	42-43	-0.03770275753962693
1105	44-45	-0.10426289724480853
1105	46-47	-0.17640128756950446
1105	48-49	-0.033542180365756735
1105	50-51	-0.15936331461953301
1105	52-53	-0.18572914878912883
1105	54-55	-0.11932115694015266
1105	56-57	-0.06252982139496055
1105	58-59	-0.07553685564182899
1105	60-61	-0.08438642627563553
1105	62-63	-0.15353866775167546
1105	64-65	-0.06365021220927503
1105	66-67	-0.10178624572266415
1105	68-69	-0.006501695218013026
1105	70-71	0.01245538934549728
1105	72-73	0.07873716762080818
1105	74-75	0.0219870637090267
1105	76-77	-0.0036621884278531525
1105	78-79	-0.016411638420827046
1105	80-81	-0.09752666231827334
1105	82-83	-0.002591973308632589
1105	84-85	0.09477649718390069
1105	86-87	0.08640570703677497
1105	88-89	0.025019563711296655
1105	90-91	0.01399446208495192
1105	92-93	-0.062050039971452975
1105	94-95	-0.14627239528734037
1105	96-97	-0.15003640945653984
1105	98-99	-0.20970656984953706
1105	100	-0.05131985651050286
1106	1	0.05810897220107236
1106	2	-0.06462040405490654
1106	3	-0.03172354014830603
1106	4	-0.10016038855783904
1106	5	-0.1504804836104583
1106	6	-0.18157333528943553
1106	7	-0.2086860486696125
1106	8	-0.3560995018342723
1106	9	-0.16794768579572406
1106	10-11	-0.2631014859745022
1106	12-13	-0.20280916540382776
1106	14-15	-0.09769338406207595
1106	16-17	-0.10845584431402244
1106	18-19	-0.05251669179213536
1106	20-21	-0.062075628146473605
1106	22-23	-0.11712485127760175
1106	24-25	-0.11889208054449796
1106	26-27	-0.11649225190309664
1106	28-29	-0.06955890221449579
1106	30-31	-0.10341182674949323
1106	32-33	-0.08639651175357699
1106	34-35	-0.05388864921572889
1106	36-37	-0.14201749571711275
1106	38-39	-0.18447711379213416
1106	40-41	-0.1528870579335333
1106	42-43	-0.38176003882681897
1106	44-45	-0.357426189800897
1106	46-47	-0.15326839017676974
1106	48-49	-0.051960739652670895
1106	50-51	-0.06647547813130217
1106	52-53	-0.2094615962938775
1106	54-55	-0.29348813047626976
1106	56-57	-0.2616006609786936
1106	58-59	-0.16508514208849334
1106	60-61	-0.1602626688013089
1106	62-63	-0.15847186049286677
1106	64-65	-0.24982816867872515
1106	66-67	-0.23764167396424796
1106	68-69	-0.13640886594721735
1106	70-71	-0.3222253582872625
1106	72-73	-0.39465423664507426
1106	74-75	-0.3014713025128515
1106	76-77	-0.23246506576586512
1106	78-79	-0.3336103667065373
1106	80-81	-0.4597216308220027
1106	82-83	-0.616581958735317
1106	84-85	-0.6031277827772072
1106	86-87	-0.49648658537075363
1106	88-89	-0.5983782519891321
1106	90-91	-0.417535844804938
1106	92-93	-0.4091402451050854
1106	94-95	-0.5460613869767812
1106	96-97	-0.6008509424635591
1106	98-99	-0.5490769299040252
1106	100	-0.5911443611796088
1107	1	0.057847963321357554
1107	2	0.10499341036728538
1107	3	0.1571224532300164
1107	4	0.1516662499741699
1107	5	0.05758882941476173
1107	6	0.25329563865815174
1107	7	0.18012904947937614
1107	8	0.1623323186532062
1107	9	0.021869239986394007
1107	10-11	0.1144571138435424
1107	12-13	0.1522640471172636
1107	14-15	0.13236634610067455
1107	16-17	-0.0053546016752576975
1107	18-19	0.14380755317921512
1107	20-21	0.1428442004463406
1107	22-23	0.12350480837830702
1107	24-25	0.030543570406237563
1107	26-27	0.1334800282208164
1107	28-29	0.2614713238330779
1107	30-31	0.3089079673491142
1107	32-33	0.2116825358290555
1107	34-35	0.2198826548443833
1107	36-37	0.1837553289025209
1107	38-39	0.10366395300720654
1107	40-41	0.049501227650516455
1107	42-43	0.21847165329092633
1107	44-45	0.16497485908237053
1107	46-47	0.21525530742557208
1107	48-49	0.23212194389361684
1107	50-51	0.19280725451139347
1107	52-53	0.21238201048598881
1107	54-55	0.194455454768665
1107	56-57	0.12944224032757745
1107	58-59	0.125858809390337
1107	60-61	0.12405788075140123
1107	62-63	0.07780984911143207
1107	64-65	0.10432086685745645
1107	66-67	0.024331691673694422
1107	68-69	0.12144027022039694
1107	70-71	0.13609629770292742
1107	72-73	0.26488019799801066
1107	74-75	0.11179588511803473
1107	76-77	0.35845456221240113
1107	78-79	0.17182968199793436
1107	80-81	0.1744784302832869
1107	82-83	0.1977029756575419
1107	84-85	0.17009415201783185
1107	86-87	0.20633203056865312
1107	88-89	0.0738328687757388
1107	90-91	0.19606438838828666
1107	92-93	0.12112346835044008
1107	94-95	-0.04031673275027714
1107	96-97	0.17937336456348163
1107	98-99	0.2806259837514915
1107	100	0.20607096821760962
1108	1	0.14595291910271158
1108	2	0.13752685763530081
1108	3	0.23551512840739264
1108	4	0.1480741337492688
1108	5	0.15593023387089744
1108	6	0.4996206352586299
1108	7	0.3008163387585441
1108	8	0.4823496326543264
1108	9	0.4819416864306305
1108	10-11	0.40119055219035005
1108	12-13	0.2375756605758852
1108	14-15	0.18079691058203906
1108	16-17	0.12248206677297446
1108	18-19	0.16914687577862964
1108	20-21	0.16474718934610166
1108	22-23	0.23705809183881144
1108	24-25	0.2214994847085876
1108	26-27	0.2792488362415213
1108	28-29	0.2263172240379987
1108	30-31	0.18027472485059093
1108	32-33	0.1927711975038875
1108	34-35	0.1712081970821231
1108	36-37	0.28948999442518186
1108	38-39	0.19002296347273528
1108	40-41	0.15944639544591155
1108	42-43	0.23654667793879725
1108	44-45	0.10554642112639101
1108	46-47	0.20586058810484786
1108	48-49	0.18332414644109463
1108	50-51	0.10264900877812266
1108	52-53	0.18581034395327833
1108	54-55	0.12086407442695446
1108	56-57	0.22160402748656338
1108	58-59	0.2633448762599073
1108	60-61	0.2932089286546926
1108	62-63	0.18184119465006887
1108	64-65	0.24722751959487965
1108	66-67	0.2348772670637942
1108	68-69	0.2024763875934994
1108	70-71	0.2777288150130133
1108	72-73	0.19394310258897463
1108	74-75	0.29629769866397737
1108	76-77	0.18176591962306077
1108	78-79	0.3556011390273355
1108	80-81	0.19532650340683944
1108	82-83	0.14936187371660736
1108	84-85	0.2766089140456316
1108	86-87	0.15631677873657424
1108	88-89	0.2461327442516108
1108	90-91	0.09254314951275688
1108	92-93	0.0657096092482945
1108	94-95	0.24108935588308356
1108	96-97	0.273077005993386
1108	98-99	0.27799939190893497
1108	100	0.35189794282643305
1109	1	0.15830891056087992
1109	2	-0.01946958747679517
1109	3	0.012310976496792136
1109	4	-0.10273885335907096
1109	5	-0.13715672483156283
1109	6	-0.026919482290686858
1109	7	-0.02292902155393506
1109	8	-0.05623283166660542
1109	9	-0.03742545248291407
1109	10-11	-0.026260283317490973
1109	12-13	0.0028139650505991654
1109	14-15	-0.005270552413776386
1109	16-17	0.07442092511710996
1109	18-19	0.12781007380333165
1109	20-21	0.014139383866407229
1109	22-23	0.07924635691701809
1109	24-25	0.04452835970849378
1109	26-27	0.037096958106303646
1109	28-29	0.034420304235311505
1109	30-31	-0.10803798248166885
1109	32-33	-0.04977653786448144
1109	34-35	-0.016333006143291584
1109	36-37	0.018285204656351084
1109	38-39	-0.014625819226715464
1109	40-41	-0.1006813297301079
1109	42-43	-0.10121975561683172
1109	44-45	-0.058869171481852334
1109	46-47	-0.07437745899576242
1109	48-49	-0.07536732949489533
1109	50-51	-0.0678661825930007
1109	52-53	-0.14339566592622077
1109	54-55	-0.13511444429290975
1109	56-57	-0.17976766826982526
1109	58-59	-0.3084801717588732
1109	60-61	-0.2884358749256748
1109	62-63	-0.08043500344743393
1109	64-65	-0.14869034236318868
1109	66-67	-0.001067428851293073
1109	68-69	-0.06247910367531517
1109	70-71	-0.024639754677835413
1109	72-73	-0.22301819099858022
1109	74-75	-0.28958246734849524
1109	76-77	-0.3364757395565334
1109	78-79	-0.2873306761304022
1109	80-81	-0.10407645116383435
1109	82-83	-0.08965444681346213
1109	84-85	-0.13616387232352878
1109	86-87	-0.27687441991781014
1109	88-89	-0.13206632657303174
1109	90-91	-0.11043726994573433
1109	92-93	-0.01487858255712382
1109	94-95	-0.13763093515699865
1109	96-97	-0.053817659946240326
1109	98-99	-0.1279304024458341
1109	100	-0.4159387122390683
1110	1	-0.030047706358658388
1110	2	-0.07994432619920389
1110	3	-0.11578620707538079
1110	4	-0.08526456655891934
1110	5	0.028408446143906474
1110	6	-0.07268159890090686
1110	7	-0.025015628493164854
1110	8	-0.04562785621699561
1110	9	0.04490156589488947
1110	10-11	-0.018395937006275176
1110	12-13	-0.022052009207492063
1110	14-15	0.004587876612866637
1110	16-17	0.11855768189884941
1110	18-19	0.040238048964049256
1110	20-21	0.06451281316292778
1110	22-23	0.09655648421992424
1110	24-25	0.04473501573006189
1110	26-27	0.13146285319219686
1110	28-29	0.0044524273419455085
1110	30-31	-0.009465529382964633
1110	32-33	0.09142788860154383
1110	34-35	0.06075169917421874
1110	36-37	-0.03491514609864055
1110	38-39	0.01070020060348753
1110	40-41	0.06162719725556087
1110	42-43	0.09689733331124017
1110	44-45	0.029430764433591605
1110	46-47	0.08892755744471259
1110	48-49	-0.08360522496904821
1110	50-51	0.05619447218104767
1110	52-53	0.13963487114367013
1110	54-55	0.14887966352259951
1110	56-57	0.11619646349085855
1110	58-59	-0.00938815323335973
1110	60-61	-0.009268836467121844
1110	62-63	0.008207244500965771
1110	64-65	-0.04906701150228798
1110	66-67	0.08241360127112785
1110	68-69	-0.0651173203293709
1110	70-71	0.03741999172151367
1110	72-73	-0.10191426984738428
1110	74-75	-0.02214184518879847
1110	76-77	-0.16366508940323854
1110	78-79	-0.04865298882873503
1110	80-81	-0.09871028476592869
1110	82-83	-0.06537178794275889
1110	84-85	0.015194728393787216
1110	86-87	-0.03306551588759277
1110	88-89	0.00606083584798256
1110	90-91	-0.029668966245147033
1110	92-93	0.03932490348358186
1110	94-95	0.13745244716873373
1110	96-97	0.08091163457805095
1110	98-99	-0.06441583134370177
1110	100	-0.09176326108416788
1111	1	-0.14916220696830962
1111	2	-0.120850855310362
1111	3	-0.06635846492473974
1111	4	-0.02921475770895654
1111	5	-0.04151847346853543
1111	6	-0.06403473192460751
1111	7	-0.17142802416949365
1111	8	-0.17044316592045305
1111	9	-0.08171657669568333
1111	10-11	-0.06797181762077287
1111	12-13	-0.03654959563566962
1111	14-15	-0.17841909146540047
1111	16-17	-0.08752846902279998
1111	18-19	-0.1022116645186344
1111	20-21	0.0018164437817205226
1111	22-23	-0.116923358592679
1111	24-25	-0.09705016793247978
1111	26-27	0.021245143502021335
1111	28-29	0.028769842875092877
1111	30-31	-0.08047221006694372
1111	32-33	-0.09061699592274408
1111	34-35	-0.019260234359670392
1111	36-37	-0.008666212412720142
1111	38-39	0.024744772741676968
1111	40-41	0.07373573464784045
1111	42-43	0.001895192011808433
1111	44-45	-0.02526945743941411
1111	46-47	0.05297456420029789
1111	48-49	-0.042217157545181294
1111	50-51	0.0571267780682021
1111	52-53	0.011167096812656041
1111	54-55	0.04823529565833695
1111	56-57	-0.23015506935601593
1111	58-59	-0.1342642342763014
1111	60-61	-0.01520474291861973
1111	62-63	-0.06845735790893315
1111	64-65	0.09461522812846823
1111	66-67	-0.08148250031780435
1111	68-69	-0.19046158678279568
1111	70-71	-0.3194773662504389
1111	72-73	-0.11621872849087822
1111	74-75	-0.16665134227837086
1111	76-77	-0.27394696366823723
1111	78-79	-0.14826325664076734
1111	80-81	-0.24048738488488652
1111	82-83	-0.08786726482085072
1111	84-85	-0.15080744898627074
1111	86-87	-0.17124755554039695
1111	88-89	-0.0991360696904735
1111	90-91	-0.034940823488327055
1111	92-93	-0.1318085434930225
1111	94-95	0.0043934314347851
1111	96-97	-0.16831371034910347
1111	98-99	0.07226544864419537
1111	100	-0.05946234739879941
1112	1	0.1278212685010658
1112	2	0.1714703620597291
1112	3	0.2910167689688876
1112	4	0.07994951304348064
1112	5	0.23515996935264383
1112	6	0.3758511871997783
1112	7	0.2991465422619797
1112	8	0.4118065212155315
1112	9	0.22734078139867364
1112	10-11	0.20583044181616117
1112	12-13	0.3092667312861721
1112	14-15	0.2989399770184846
1112	16-17	0.16775748790229272
1112	18-19	0.2135574200440402
1112	20-21	0.21857702290212444
1112	22-23	0.22873473645919518
1112	24-25	0.3837383061758146
1112	26-27	0.24400499387257923
1112	28-29	0.1713468397980762
1112	30-31	0.16065671603382725
1112	32-33	0.18441450348007038
1112	34-35	0.06918274018364201
1112	36-37	0.01046258361499497
1112	38-39	0.0343405423573202
1112	40-41	0.16568852296092018
1112	42-43	0.12411207972454719
1112	44-45	0.1212070185807832
1112	46-47	0.19431063446359786
1112	48-49	0.23328997467505985
1112	50-51	0.22225745390699814
1112	52-53	0.16061731100007393
1112	54-55	0.06209937103140817
1112	56-57	0.12884138444952242
1112	58-59	0.2731328322925606
1112	60-61	0.13110323454921513
1112	62-63	0.06798715649473763
1112	64-65	0.07023327033886773
1112	66-67	-0.010801667333439013
1112	68-69	0.14285692873161082
1112	70-71	0.08506142327788524
1112	72-73	0.09574425692404276
1112	74-75	-0.020889742595770144
1112	76-77	0.18761168770149084
1112	78-79	0.3483682988241057
1112	80-81	0.3070292281834526
1112	82-83	0.3384143842156746
1112	84-85	0.23902493570844996
1112	86-87	0.3333865735531276
1112	88-89	0.3655827034423993
1112	90-91	0.3367891281162656
1112	92-93	0.3948771910866853
1112	94-95	0.25235670908804764
1112	96-97	0.36115545247040615
1112	98-99	0.23213130442755414
1112	100	-0.06741130139710805
1113	1	-0.01388326089630354
1113	2	-0.04836250964506661
1113	3	-0.1565537552734071
1113	4	-0.0988199395925875
1113	5	-0.17985733740957244
1113	6	-0.767340892778563
1113	7	-0.18310164808139007
1113	8	-0.03753113469179681
1113	9	-0.21108333249854638
1113	10-11	-0.18020970818726312
1113	12-13	-0.11720038012158795
1113	14-15	-0.20450255415341445
1113	16-17	-0.08983611968166372
1113	18-19	-0.11234844219803364
1113	20-21	-0.12065091054523691
1113	22-23	-0.13265498563315958
1113	24-25	-0.09222681530850707
1113	26-27	-0.23089359527878628
1113	28-29	-0.12072810294351655
1113	30-31	-0.12536032382246987
1113	32-33	-0.2829906156759989
1113	34-35	-0.16387805807568157
1113	36-37	-0.25856403690030305
1113	38-39	-0.16700390529101838
1113	40-41	-0.07180055859549839
1113	42-43	-0.1722311942270025
1113	44-45	-0.0234606643962465
1113	46-47	-0.12271193229830857
1113	48-49	-0.019255013524784204
1113	50-51	-0.042101472143208696
1113	52-53	0.05946768170061745
1113	54-55	-0.10164695422543701
1113	56-57	-0.22759032075767038
1113	58-59	-0.006699801992333221
1113	60-61	8.062911773052406E-4
1113	62-63	-0.12180934018310552
1113	64-65	-0.04516532513093097
1113	66-67	-0.24210977058965
1113	68-69	-0.2280340890224224
1113	70-71	-0.31158829467109683
1113	72-73	-0.07666264862534433
1113	74-75	-0.09632145431287142
1113	76-77	-0.007742560027793388
1113	78-79	-0.08957750969980793
1113	80-81	-0.08973833811317888
1113	82-83	-0.13497930738429886
1113	84-85	0.07327685431018693
1113	86-87	-0.23175807835291806
1113	88-89	-0.15015886805525724
1113	90-91	-0.3117630891367398
1113	92-93	-0.0887865771424785
1113	94-95	-0.17490223599404686
1113	96-97	-0.12036136968715283
1113	98-99	-0.22557094190938187
1113	100	-0.12406424749092082
1114	1	-0.1378033895366393
1114	2	-0.02302933682835473
1114	3	-0.1319918240114646
1114	4	0.08217617161336932
1114	5	-0.03955699507202581
1114	6	-0.08984858963534492
1114	7	-0.10227542858695671
1114	8	0.056771510939817915
1114	9	0.044453059642371784
1114	10-11	-0.06158174892961199
1114	12-13	0.030391594186589543
1114	14-15	0.10586765374200269
1114	16-17	0.052524912079761066
1114	18-19	-0.07615257815979959
1114	20-21	0.049029351192452
1114	22-23	0.1871046481897949
1114	24-25	0.13546855580329265
1114	26-27	0.0511539919258297
1114	28-29	0.06528722719072988
1114	30-31	0.00942240891033208
1114	32-33	-0.05177799373203129
1114	34-35	-0.022515151944105583
1114	36-37	0.07465113697918468
1114	38-39	0.09511307099997168
1114	40-41	0.12547133590445725
1114	42-43	0.0419999488161622
1114	44-45	-0.046322085325847695
1114	46-47	-0.10505532764413061
1114	48-49	-0.17321451653464948
1114	50-51	-0.09276731989627507
1114	52-53	-0.16731883372791856
1114	54-55	-0.05062871920828371
1114	56-57	-0.07649247218329691
1114	58-59	-0.21004260052897905
1114	60-61	-0.0365000700855731
1114	62-63	-0.09564260363893595
1114	64-65	-0.09694063700690947
1114	66-67	-0.02526387197610802
1114	68-69	0.09673885139967098
1114	70-71	0.1619084639037851
1114	72-73	0.2223440999934212
1114	74-75	0.01368710076516777
1114	76-77	0.0659698703567102
1114	78-79	0.00254193060101926
1114	80-81	0.21213556651893128
1114	82-83	0.14265778185383482
1114	84-85	0.0845358582895912
1114	86-87	0.07698077479065546
1114	88-89	0.20435902519192695
1114	90-91	0.20547065328993597
1114	92-93	0.1497022300342934
1114	94-95	-0.05464813728119822
1114	96-97	-0.07517020180574008
1114	98-99	-0.017196639246819245
1114	100	0.2956049737500308
1115	1	-0.12911229302113014
1115	2	0.0029198992096830523
1115	3	-0.12579682144696136
1115	4	-0.12789374316262325
1115	5	-0.0840063544392109
1115	6	-0.2871772647379771
1115	7	-0.2605281606750012
1115	8	-0.1810055295995454
1115	9	-0.08554659320096647
1115	10-11	0.019894148713156312
1115	12-13	-0.0941658548483133
1115	14-15	-0.08817113519312869
1115	16-17	-0.06771277057923442
1115	18-19	-0.06090043537957257
1115	20-21	0.020650394122952775
1115	22-23	0.05881961121599488
1115	24-25	-0.013194577162700227
1115	26-27	-0.038372774523423914
1115	28-29	-0.022034665211201343
1115	30-31	0.03203926294232673
1115	32-33	0.029585306035485814
1115	34-35	0.043960036629840715
1115	36-37	-0.02928472349367439
1115	38-39	0.013017952113834497
1115	40-41	0.06500745734039981
1115	42-43	0.01806851392002784
1115	44-45	0.04049143987618464
1115	46-47	-0.0682176329339157
1115	48-49	-0.019439783433469415
1115	50-51	-0.04647073296135318
1115	52-53	-0.06252779816067289
1115	54-55	-0.10151107393274827
1115	56-57	0.028997786262763725
1115	58-59	0.08208822720249032
1115	60-61	0.04800749248351366
1115	62-63	0.010189928739066545
1115	64-65	-0.040790756759861324
1115	66-67	0.08034142570964775
1115	68-69	0.03000452942641374
1115	70-71	0.007841840194394933
1115	72-73	0.030287618516865678
1115	74-75	0.12141955125819237
1115	76-77	-0.02533461184357577
1115	78-79	0.02221597464184555
1115	80-81	-0.02541501734545193
1115	82-83	0.09537689578984754
1115	84-85	0.08297907260828907
1115	86-87	0.07050869077379929
1115	88-89	0.17432731803804558
1115	90-91	0.14644208240406442
1115	92-93	0.02225546640092091
1115	94-95	0.15929659849046374
1115	96-97	-0.019158835456671852
1115	98-99	0.06831598746335033
1115	100	0.10540325856003818
1116	1	-0.12389048013650594
1116	2	0.027446709224729915
1116	3	-0.22882206203107103
1116	4	0.02084056468244455
1116	5	-0.1515698418920124
1116	6	-0.34055874217821014
1116	7	-0.2878422936374463
1116	8	-0.08336106829076328
1116	9	-0.17887649297020403
1116	10-11	-0.10999673542094968
1116	12-13	-0.11125661712765833
1116	14-15	-0.03507341751291193
1116	16-17	-0.07672840725024344
1116	18-19	-0.07757447346699564
1116	20-21	-0.08216473792224122
1116	22-23	-0.09090804474853087
1116	24-25	-0.0785816846311036
1116	26-27	-0.1336291096607667
1116	28-29	-0.057998678156664596
1116	30-31	-0.06754181463804798
1116	32-33	-0.049034719908178204
1116	34-35	-2.374957104080977E-4
1116	36-37	-0.024411417594151885
1116	38-39	-0.029064079525419118
1116	40-41	-0.023844359431812734
1116	42-43	-0.05919517289467535
1116	44-45	0.03657584320787777
1116	46-47	-0.05215424005528746
1116	48-49	-0.03416240342954069
1116	50-51	-0.013731919156050765
1116	52-53	0.044847903386170174
1116	54-55	0.08877081106371065
1116	56-57	0.05933760873105598
1116	58-59	-0.07282378473992424
1116	60-61	-0.05546635203389627
1116	62-63	-0.02384004179089061
1116	64-65	0.017087997371710628
1116	66-67	-0.0076172057407717375
1116	68-69	-0.00103290252049959
1116	70-71	0.03840856282111105
1116	72-73	-0.015223281866724392
1116	74-75	0.15882556779079948
1116	76-77	0.13656863454134793
1116	78-79	-0.05347848737439165
1116	80-81	-0.08260453060945139
1116	82-83	-0.05074606757066391
1116	84-85	-0.16145052592587916
1116	86-87	-0.04539242663417298
1116	88-89	-0.08295478075165619
1116	90-91	0.006450625430368007
1116	92-93	-0.027028532358386315
1116	94-95	0.04046610074775003
1116	96-97	0.0723619984997228
1116	98-99	0.016245447361441734
1116	100	0.031700451535499496
1117	1	0.002247482707293358
1117	2	0.23824090383306284
1117	3	0.12020010767580658
1117	4	0.20139120190028592
1117	5	0.11000540910272605
1117	6	-0.007146650091385709
1117	7	-0.12527866573443447
1117	8	-0.061659297837110216
1117	9	0.1046320817086297
1117	10-11	0.2996289138330397
1117	12-13	0.1978229144026571
1117	14-15	0.23696661545989173
1117	16-17	0.20138865934032424
1117	18-19	0.12912117371189424
1117	20-21	0.18968137456689504
1117	22-23	0.1257566979517506
1117	24-25	0.11853280601889082
1117	26-27	0.01110135494690212
1117	28-29	0.177309681968282
1117	30-31	0.23317430008552265
1117	32-33	0.18955580745091538
1117	34-35	0.24023997125694052
1117	36-37	0.22643042686206627
1117	38-39	0.3298550302800223
1117	40-41	0.32273040740778924
1117	42-43	0.4033798758296214
1117	44-45	0.34731961902514286
1117	46-47	0.2720630571813345
1117	48-49	0.3590158908290988
1117	50-51	0.30510866287880134
1117	52-53	0.40530833393866317
1117	54-55	0.3910522448736842
1117	56-57	0.44225786496737385
1117	58-59	0.4852776562850494
1117	60-61	0.34850659666015105
1117	62-63	0.46147014962211585
1117	64-65	0.5256282248175168
1117	66-67	0.37192186003568395
1117	68-69	0.40011174430191687
1117	70-71	0.4441056224354938
1117	72-73	0.5250718903999143
1117	74-75	0.4748077898780423
1117	76-77	0.415301361462582
1117	78-79	0.5243510767938417
1117	80-81	0.544549400549343
1117	82-83	0.4948122087472413
1117	84-85	0.4373994358683717
1117	86-87	0.5219451758549027
1117	88-89	0.5434565564167428
1117	90-91	0.5093324668574297
1117	92-93	0.5990751840620518
1117	94-95	0.5118917245472829
1117	96-97	0.608395055004685
1117	98-99	0.6856541092095796
1117	100	0.7748347387391021
>>END_MODULE
>>Per sequence quality scores	pass
#Quality	Count
25	1.0
26	4.0
27	232.0
28	2989.0
29	12436.0
30	23997.0
31	33221.0
32	41682.0
33	51079.0
34	62340.0
35	75680.0
36	94608.0
37	122106.0
38	165480.0
39	250922.0
40	480904.0
41	582319.0
>>END_MODULE
>>Per base sequence content	fail
#Base	G	A	T	C
1	26.3795	12.76735	14.8648	45.98835
2	25.44765	20.3755	34.2383	19.93855
3	24.369699999999998	24.4907	24.3373	26.802300000000002
4	25.409150000000004	29.54865	18.6408	26.401400000000002
5	25.660349999999998	32.658350000000006	20.938599999999997	20.7427
6	20.3725	34.8191	21.6668	23.1416
7	19.247249999999998	15.9933	40.9832	23.776249999999997
8	22.30395	21.056449999999998	27.226850000000002	29.41275
9	22.1189	19.57535	29.77165	28.534100000000002
10-11	24.25615	29.940050000000003	20.886525	24.917275
12-13	23.49905	23.085025	27.830700000000004	25.585225
14-15	23.531475	25.185325	26.406049999999997	24.87715
16-17	24.82865	25.06335	25.232	24.876
18-19	24.571	25.374325	24.995449999999998	25.059225
20-21	24.576525	25.522875	25.0821	24.8185
22-23	24.45455	25.785249999999998	25.150075	24.610125
24-25	24.26345	25.886599999999998	25.167749999999998	24.6822
26-27	24.35125	26.030874999999998	25.05835	24.559524999999997
28-29	24.4529	25.48775	25.2466	24.81275
30-31	24.20395	25.70015	25.227575	24.868325
32-33	24.3155	26.01545	25.216300000000004	24.45275
34-35	24.517	25.7911	24.9708	24.7211
36-37	24.319925	25.751125000000002	25.137674999999998	24.791275
38-39	24.45005	25.815450000000002	25.152025000000002	24.582475000000002
40-41	24.49505	25.709349999999997	25.201024999999998	24.594575
42-43	24.49525	25.472675	25.221799999999998	24.810275
44-45	24.5424	25.6292	25.229174999999998	24.599225
46-47	24.602125	25.794575	25.011625	24.591675
48-49	24.46275	25.605349999999998	25.210375000000003	24.721525
50-51	24.507075	25.629224999999998	25.246249999999996	24.617449999999998
52-53	24.608275	25.570275	25.1922	24.62925
54-55	24.34595	25.728475	25.273200000000003	24.652375000000003
56-57	24.4835	25.8091	25.224249999999998	24.483150000000002
58-59	24.4785	25.791225	25.2958	24.434475
60-61	24.289275	25.734875000000002	25.360325	24.615524999999998
62-63	24.608674999999998	25.655974999999998	25.358475000000002	24.376875000000002
64-65	24.571575000000003	25.756675	25.212975	24.458775
66-67	24.475975	25.651225	25.299925	24.572875
68-69	24.55905	25.7741	25.231399999999997	24.43545
70-71	24.638025	25.728925000000004	25.217624999999998	24.415425
72-73	24.474825	25.63915	25.336524999999998	24.5495
74-75	24.4491	25.625949999999996	25.329225	24.595724999999998
76-77	24.48525	25.754749999999998	25.2947	24.4653
78-79	24.250425	25.745350000000002	25.3768	24.627425
80-81	24.506025	25.702425	25.2504	24.541150000000002
82-83	24.541125	25.79755	25.172175000000003	24.489150000000002
84-85	24.39215	25.7766	25.245775	24.585475000000002
86-87	24.528725	25.722175000000004	25.340049999999998	24.40905
88-89	24.632109740823054	25.655917419380646	25.31718987892409	24.394782960872206
90-91	24.460018345013758	25.683394262545693	25.337944003458002	24.518643388982543
92-93	24.634525	25.586750000000002	25.286825	24.4919
94-95	24.6697667441686	25.63429085727143	25.147953698842475	24.547988699717493
96-97	24.637525	25.559525	25.246025	24.556925
98-99	24.57535	25.932325	25.168924999999998	24.3234
100	24.641867479217066	25.71203995283901	25.032125674639165	24.61396689330476
>>END_MODULE
>>Per sequence GC content	warn
#GC Content	Count
0	81.0
1	44.5
2	9.0
3	6.5
4	6.0
5	11.5
6	12.5
7	14.5
8	22.0
9	29.0
10	24.0
11	25.0
12	40.0
13	50.5
14	62.5
15	77.0
16	110.5
17	162.5
18	220.5
19	312.5
20	439.5
21	579.0
22	819.0
23	1081.5
24	1386.5
25	1810.0
26	2292.0
27	2906.5
28	3777.5
29	4791.0
30	5876.5
31	7233.5
32	8866.5
33	10612.5
34	12620.0
35	14769.0
36	17296.0
37	20487.0
38	24799.5
39	30015.0
40	36437.5
41	43208.5
42	49953.5
43	58632.5
44	68566.5
45	77061.0
46	84664.0
47	93740.0
48	103667.0
49	112776.5
50	117216.0
51	118817.0
52	117865.5
53	114572.5
54	110001.0
55	99578.5
56	86923.0
57	74811.5
58	62236.5
59	50924.0
60	40310.5
61	30603.5
62	23030.5
63	17062.5
64	12011.5
65	7911.0
66	4997.0
67	3096.0
68	1946.5
69	1219.0
70	772.0
71	476.5
72	323.5
73	244.5
74	187.0
75	134.5
76	94.0
77	62.5
78	47.0
79	36.0
80	20.5
81	5.0
82	1.5
83	1.0
84	0.0
85	0.0
86	0.5
87	1.0
88	1.0
89	0.5
90	0.0
91	0.0
92	0.5
93	0.5
94	0.0
95	0.0
96	0.0
97	0.0
98	0.0
99	0.5
100	5.5
>>END_MODULE
>>Per base N content	pass
#Base	N-Count
1	0.0
2	0.0
3	0.0
4	0.0
5	0.0
6	0.0
7	0.0
8	0.0
9	0.0
10-11	0.0
12-13	0.0
14-15	0.0
16-17	0.0
18-19	0.0
20-21	0.0
22-23	0.0
24-25	0.0
26-27	0.0
28-29	0.0
30-31	0.0
32-33	0.0
34-35	0.0
36-37	0.0
38-39	0.0
40-41	0.0
42-43	0.0
44-45	0.0
46-47	0.0
48-49	0.0
50-51	0.0
52-53	0.0
54-55	0.0
56-57	0.0
58-59	0.0
60-61	0.0
62-63	0.0
64-65	0.0
66-67	0.0
68-69	0.0
70-71	0.0
72-73	0.0
74-75	0.0
76-77	0.0
78-79	0.0
80-81	0.0
82-83	0.0
84-85	0.0
86-87	0.0
88-89	7.5E-4
90-91	7.500000000000001E-5
92-93	0.0
94-95	0.0025
96-97	0.0
98-99	0.0
100	0.0021
>>END_MODULE
>>Sequence Length Distribution	pass
#Length	Count
100	2000000.0
>>END_MODULE
>>Sequence Duplication Levels	pass
#Total Deduplicated Percentage	77.01060008491434
#Duplication Level	Percentage of deduplicated	Percentage of total
1	88.45200091289149	68.11741669013166
2	8.008147967999838	12.3342456116891
3	1.6824571862730002	3.8870111259618083
4	0.6195547805816932	1.9084914175229455
5	0.3339017371731659	1.2856986574550429
6	0.1916222933010066	0.885416867805479
7	0.12893839489363904	0.6950736215321359
8	0.09288080908975536	0.5722245475499543
9	0.06911574607201255	0.4790380572290023
>10	0.3696178569835567	5.282397453551893
>50	0.03210478776783087	1.72647395118716
>100	0.019186537527262116	2.606967728392754
>500	4.709894456446874E-4	0.21954426999109622
>1k	0.0	0.0
>5k	0.0	0.0
>10k+	0.0	0.0
>>END_MODULE
>>Overrepresented sequences	pass
>>END_MODULE
>>Adapter Content	pass
#Position	Illumina Universal Adapter	Illumina Small RNA 3' Adapter	Illumina Small RNA 5' Adapter	Nextera Transposase Sequence	SOLID Small RNA Adapter
1	0.0	0.0	0.0	0.0	0.0
2	0.0	0.0	0.0	0.0	0.0
3	0.0	0.0	0.0	0.0	0.0
4	1.0E-4	0.0	0.0	0.0	0.0
5	1.0E-4	0.0	0.0	0.0	0.0
6	1.0E-4	0.0	0.0	0.0	0.0
7	1.0E-4	0.0	0.0	0.0	0.0
8	2.0E-4	0.0	0.0	0.0	0.0
9	2.5E-4	0.0	0.0	0.0	0.0
10-11	2.5E-4	0.0	0.0	0.0	0.0
12-13	2.5E-4	0.0	0.0	0.0	0.0
14-15	2.7499999999999996E-4	0.0	0.0	0.0	0.0
16-17	3.0E-4	0.0	0.0	0.0	2.5E-5
18-19	3.5E-4	0.0	0.0	5.0E-5	5.0E-5
20-21	3.5E-4	0.0	2.5E-5	5.0E-5	1.0E-4
22-23	3.5E-4	0.0	5.0E-5	5.0E-5	1.0E-4
24-25	3.5E-4	0.0	5.0E-5	5.0E-5	1.0E-4
26-27	3.5E-4	0.0	5.0E-5	5.0E-5	1.0E-4
28-29	3.75E-4	0.0	5.0E-5	5.0E-5	1.5E-4
30-31	4.5E-4	0.0	7.500000000000001E-5	5.0E-5	2.0E-4
32-33	5.0E-4	0.0	1.0E-4	5.0E-5	2.5E-4
34-35	5.0E-4	0.0	1.0E-4	5.0E-5	2.5E-4
36-37	5.0E-4	0.0	1.75E-4	5.0E-5	2.5E-4
38-39	5.0E-4	0.0	2.0E-4	5.0E-5	2.5E-4
40-41	5.0E-4	0.0	2.0E-4	5.0E-5	2.5E-4
42-43	5.0E-4	0.0	2.0E-4	5.0E-5	2.7499999999999996E-4
44-45	5.0E-4	0.0	2.0E-4	5.0E-5	3.0E-4
46-47	5.0E-4	0.0	2.0E-4	5.0E-5	3.0E-4
48-49	5.0E-4	0.0	2.0E-4	5.0E-5	3.5E-4
50-51	5.0E-4	0.0	2.5E-4	5.0E-5	3.5E-4
52-53	5.0E-4	0.0	2.5E-4	1.0E-4	3.5E-4
54-55	5.0E-4	0.0	2.5E-4	1.0E-4	4.2500000000000003E-4
56-57	5.0E-4	0.0	2.5E-4	1.0E-4	4.5E-4
58-59	5.0E-4	0.0	2.5E-4	1.0E-4	4.5E-4
60-61	5.0E-4	0.0	2.5E-4	1.0E-4	4.5E-4
62-63	5.250000000000001E-4	0.0	2.5E-4	1.0E-4	5.0E-4
64-65	6.0E-4	0.0	2.5E-4	1.0E-4	5.5E-4
66-67	6.0E-4	0.0	2.5E-4	1.0E-4	5.5E-4
68-69	6.5E-4	0.0	2.5E-4	1.0E-4	5.75E-4
70-71	9.0E-4	0.0	2.5E-4	1.0E-4	7.750000000000001E-4
72-73	0.0010999999999999998	0.0	2.5E-4	1.0E-4	8.500000000000001E-4
74-75	0.001275	0.0	2.5E-4	1.5E-4	0.00105
76-77	0.00165	0.0	2.5E-4	1.5E-4	0.001275
78-79	0.00195	0.0	2.5E-4	1.5E-4	0.0013
80-81	0.002075	0.0	2.7499999999999996E-4	1.5E-4	0.00135
82-83	0.002225	0.0	3.0E-4	1.5E-4	0.001375
84-85	0.0111	0.0	3.0E-4	1.5E-4	0.0015
86-87	0.04735	0.0	3.0E-4	1.5E-4	0.00155
88-89	0.09032499999999999	0.0	3.25E-4	1.75E-4	0.001575
>>END_MODULE
