##FastQC	0.11.7
>>Basic Statistics	pass
#Measure	Value
Filename	221_L8_2.fq.gz
File type	Conventional base calls
Encoding	Sanger / Illumina 1.9
Total Sequences	2000000
Sequences flagged as poor quality	0
Sequence length	100
%GC	49
>>END_MODULE
>>Per base sequence quality	pass
#Base	Mean	Median	Lower Quartile	Upper Quartile	10th Percentile	90th Percentile
1	30.1635695	32.0	32.0	32.0	27.0	32.0
2	31.121883	32.0	32.0	32.0	27.0	32.0
3	34.841024	37.0	37.0	37.0	32.0	37.0
4	35.6148635	37.0	37.0	37.0	32.0	37.0
5	36.056859	37.0	37.0	37.0	32.0	37.0
6	39.9209415	42.0	42.0	42.0	37.0	42.0
7	38.8784815	42.0	37.0	42.0	32.0	42.0
8	39.4142405	42.0	37.0	42.0	32.0	42.0
9	39.6325525	42.0	42.0	42.0	32.0	42.0
10-11	39.923891999999995	42.0	42.0	42.0	37.0	42.0
12-13	39.762479	42.0	42.0	42.0	34.5	42.0
14-15	40.04940125	42.0	42.0	42.0	37.0	42.0
16-17	40.086025750000005	42.0	42.0	42.0	37.0	42.0
18-19	40.021651500000004	42.0	42.0	42.0	37.0	42.0
20-21	40.0138715	42.0	42.0	42.0	37.0	42.0
22-23	40.093661	42.0	42.0	42.0	37.0	42.0
24-25	39.979949	42.0	42.0	42.0	37.0	42.0
26-27	40.0281585	42.0	42.0	42.0	37.0	42.0
28-29	39.967333249999996	42.0	42.0	42.0	37.0	42.0
30-31	39.8697595	42.0	42.0	42.0	37.0	42.0
32-33	39.8177485	42.0	42.0	42.0	34.5	42.0
34-35	39.8033315	42.0	42.0	42.0	34.5	42.0
36-37	39.70547775	42.0	42.0	42.0	32.0	42.0
38-39	39.7377005	42.0	42.0	42.0	34.5	42.0
40-41	39.81713	42.0	42.0	42.0	37.0	42.0
42-43	39.8199495	42.0	42.0	42.0	34.5	42.0
44-45	39.678087500000004	42.0	42.0	42.0	32.0	42.0
46-47	39.494740500000006	42.0	39.5	42.0	32.0	42.0
48-49	39.38998925	42.0	37.0	42.0	32.0	42.0
50-51	39.47745725	42.0	37.0	42.0	32.0	42.0
52-53	39.419067999999996	42.0	37.0	42.0	32.0	42.0
54-55	39.367960999999994	42.0	37.0	42.0	32.0	42.0
56-57	39.2362765	42.0	37.0	42.0	32.0	42.0
58-59	39.278442999999996	42.0	37.0	42.0	32.0	42.0
60-61	39.211603499999995	42.0	37.0	42.0	32.0	42.0
62-63	39.09901325	42.0	37.0	42.0	32.0	42.0
64-65	39.171896000000004	42.0	37.0	42.0	32.0	42.0
66-67	39.11838375	42.0	37.0	42.0	32.0	42.0
68-69	39.14493775	42.0	37.0	42.0	32.0	42.0
70-71	38.97664525	42.0	37.0	42.0	32.0	42.0
72-73	38.950598	42.0	37.0	42.0	32.0	42.0
74-75	38.92928325	42.0	37.0	42.0	32.0	42.0
76-77	38.14361475	42.0	37.0	42.0	32.0	42.0
78-79	38.407271	42.0	37.0	42.0	32.0	42.0
80-81	38.9505475	42.0	37.0	42.0	32.0	42.0
82-83	38.9103375	42.0	37.0	42.0	32.0	42.0
84-85	38.86186375	42.0	37.0	42.0	32.0	42.0
86-87	38.98192575	42.0	37.0	42.0	32.0	42.0
88-89	38.751999999999995	42.0	37.0	42.0	32.0	42.0
90-91	38.49508125	42.0	37.0	42.0	32.0	42.0
92-93	38.41244925	42.0	37.0	42.0	32.0	42.0
94-95	38.408508	42.0	37.0	42.0	32.0	42.0
96-97	38.4094805	42.0	37.0	42.0	32.0	42.0
98-99	38.396316	42.0	37.0	42.0	32.0	42.0
100	38.2046515	42.0	37.0	42.0	32.0	42.0
>>END_MODULE
>>Per tile sequence quality	pass
#Tile	Base	Mean
1101	1	0.1074856367325836
1101	2	-0.10186605430896378
1101	3	0.002523879512573046
1101	4	-0.30727319163323585
1101	5	-0.010854587385679793
1101	6	-0.013456248936300597
1101	7	0.3304362843221611
1101	8	0.07561923805424442
1101	9	0.060614702373186446
1101	10-11	-0.0832573862477517
1101	12-13	-0.13991246009875624
1101	14-15	-0.098934398435361
1101	16-17	-0.22865008077296523
1101	18-19	-0.17486841900080918
1101	20-21	-0.35902702806295395
1101	22-23	-0.3245980890424107
1101	24-25	-0.07991429689391794
1101	26-27	0.021858016190613228
1101	28-29	-0.04351294328265709
1101	30-31	5.772452826846575E-5
1101	32-33	0.055713395456223225
1101	34-35	-0.15134379205692028
1101	36-37	0.04109646835635772
1101	38-39	-0.07003552613613806
1101	40-41	-0.13095745085168886
1101	42-43	-0.06694733321539559
1101	44-45	0.03058255867282611
1101	46-47	0.10567750079479765
1101	48-49	-0.1348259008085506
1101	50-51	0.033909235732984655
1101	52-53	-0.074004679049132
1101	54-55	0.06624058898614038
1101	56-57	0.050610471737400076
1101	58-59	0.12960688775919493
1101	60-61	0.14629636099046905
1101	62-63	0.06953713800309202
1101	64-65	0.03167472979271224
1101	66-67	0.019218367786045576
1101	68-69	-0.07101245727025685
1101	70-71	-0.05525290702210839
1101	72-73	-0.04420812845130939
1101	74-75	-0.035800912828079845
1101	76-77	-0.045430650674710193
1101	78-79	0.008545418457543974
1101	80-81	0.020250372559758034
1101	82-83	-0.034211254568923266
1101	84-85	-0.011305860856339223
1101	86-87	0.09256639854501003
1101	88-89	-0.05300234420482752
1101	90-91	-0.20436948962191792
1101	92-93	-0.1389325116580622
1101	94-95	-0.07943239380062295
1101	96-97	0.030824202725540317
1101	98-99	-0.3063743537232142
1101	100	-0.015120440403840973
1102	1	-0.09733009810831206
1102	2	-0.019759384755889897
1102	3	-0.00559147801548221
1102	4	-0.17179615210329757
1102	5	-0.06584831659954915
1102	6	-0.18391816557034701
1102	7	0.28131374626523353
1102	8	0.1288124933702406
1102	9	-0.02034789385578506
1102	10-11	-0.1711631915558769
1102	12-13	-0.051963479095775256
1102	14-15	-0.17004554047463927
1102	16-17	-0.0362080322477496
1102	18-19	-0.23128754292115872
1102	20-21	-0.2836931719891638
1102	22-23	-0.22284916382308495
1102	24-25	-0.09605197879784555
1102	26-27	-0.18076337776634688
1102	28-29	-0.19972342783756858
1102	30-31	-0.1980639393260688
1102	32-33	-0.2248830156785715
1102	34-35	-0.3598477052625526
1102	36-37	-0.1164254373010607
1102	38-39	-0.15109175762189864
1102	40-41	-0.19651678358637525
1102	42-43	-0.09470561245459663
1102	44-45	-0.2070136790878152
1102	46-47	-0.26636914020913594
1102	48-49	0.0581108006175981
1102	50-51	-0.008434776843557756
1102	52-53	-0.10318308324752934
1102	54-55	0.012311359379609144
1102	56-57	0.13909293339503392
1102	58-59	-0.08576898370594677
1102	60-61	-0.12013499076834222
1102	62-63	-0.07425153449556632
1102	64-65	0.030635166906577638
1102	66-67	0.043610477393976055
1102	68-69	-0.05185940359343988
1102	70-71	-0.0403966528865638
1102	72-73	-0.20894636955374324
1102	74-75	-0.11355372144086573
1102	76-77	0.01637247653292917
1102	78-79	0.02159805496326328
1102	80-81	0.2019919514636399
1102	82-83	0.026886376562991643
1102	84-85	-0.02089294317438828
1102	86-87	0.1297862985557927
1102	88-89	0.010744318017700039
1102	90-91	0.0050718045248530075
1102	92-93	0.03877508902365889
1102	94-95	0.1673998140464832
1102	96-97	-0.16285921496335476
1102	98-99	0.05495777210445851
1102	100	0.04241790004478929
1103	1	0.18543714390728994
1103	2	-0.002730967616379587
1103	3	0.133728179368795
1103	4	0.07799551509721425
1103	5	-0.027500681316382725
1103	6	-0.02763803215415095
1103	7	0.30583177364577807
1103	8	0.11331689635295561
1103	9	0.1521982210076942
1103	10-11	-0.02720118993910603
1103	12-13	-0.08658218663603634
1103	14-15	-0.02927996648809028
1103	16-17	-0.1307718492818708
1103	18-19	0.09088466221195546
1103	20-21	-0.016520986702779794
1103	22-23	-0.05110955442365395
1103	24-25	-0.11210294236624208
1103	26-27	-0.1853981953179371
1103	28-29	-0.1534167646297604
1103	30-31	-0.03545984138496294
1103	32-33	0.04207869888929139
1103	34-35	-0.020116336423079417
1103	36-37	-0.1494095738412824
1103	38-39	-0.1883448738210305
1103	40-41	-0.20689272521912727
1103	42-43	-0.18125485586489987
1103	44-45	-0.0679500695398616
1103	46-47	-0.22989682922516863
1103	48-49	-0.09107382318728696
1103	50-51	-0.1098467831858656
1103	52-53	-0.07686524457665911
1103	54-55	-0.01703875694479251
1103	56-57	-0.12997853294258732
1103	58-59	0.04564862845604978
1103	60-61	-0.11336224412621476
1103	62-63	0.031171725490814595
1103	64-65	-0.15000136118122498
1103	66-67	-0.08357795406733004
1103	68-69	-0.11188260365779712
1103	70-71	-0.10622530050932966
1103	72-73	-0.15211864246717255
1103	74-75	-0.19797027630013986
1103	76-77	-0.11119076655409543
1103	78-79	-0.07782912844371026
1103	80-81	-0.05238920237050593
1103	82-83	-0.11278349256069475
1103	84-85	-0.10541235429853657
1103	86-87	-0.13040999507138196
1103	88-89	-0.2227755594290386
1103	90-91	-0.22281167421461134
1103	92-93	-0.20755736989828222
1103	94-95	-0.08146367472285476
1103	96-97	0.025424923370607644
1103	98-99	-0.1594197912315849
1103	100	-0.0034307611129307247
1104	1	0.2834453423633896
1104	2	0.06350769819335156
1104	3	0.2689918198700312
1104	4	0.17059710730183042
1104	5	0.10706869156371823
1104	6	0.2293501084677203
1104	7	0.3196811771037247
1104	8	0.21372762699987646
1104	9	0.13219607608386497
1104	10-11	-0.014074395889224434
1104	12-13	0.18017475118535486
1104	14-15	0.16894355290727958
1104	16-17	0.032339572468615074
1104	18-19	0.12216892525998446
1104	20-21	0.19130329359681753
1104	22-23	0.10413997059378488
1104	24-25	0.07858763248525946
1104	26-27	0.2373293648146202
1104	28-29	0.14482877363607827
1104	30-31	0.145270788443284
1104	32-33	0.17229324978951865
1104	34-35	0.15663230600117828
1104	36-37	0.24034904144312463
1104	38-39	0.164707372991856
1104	40-41	0.11106854176490799
1104	42-43	0.09705390535147984
1104	44-45	0.1336218043877082
1104	46-47	0.09181128620446088
1104	48-49	0.2196996652434109
1104	50-51	0.035905420940871124
1104	52-53	0.16618738492544338
1104	54-55	0.1627939928522295
1104	56-57	0.18775204857050198
1104	58-59	0.11765347302183216
1104	60-61	0.09989886917625057
1104	62-63	0.17468347847719912
1104	64-65	0.16077181654104322
1104	66-67	0.23101864101366942
1104	68-69	0.06788336971997921
1104	70-71	0.21020110827763716
1104	72-73	0.1558248204062025
1104	74-75	0.16420901499361662
1104	76-77	0.2979633768799985
1104	78-79	0.30454545966695434
1104	80-81	0.22103194441389462
1104	82-83	0.15316847740581352
1104	84-85	0.23083978952487882
1104	86-87	0.18770976945926776
1104	88-89	0.10433140489836745
1104	90-91	0.17900614614610078
1104	92-93	0.07945892246053887
1104	94-95	0.07850917764626075
1104	96-97	0.10267881394500478
1104	98-99	-0.03244222142821229
1104	100	-0.07354374350006054
1105	1	0.27429707054206176
1105	2	-0.06777643300415903
1105	3	0.06438543993834145
1105	4	0.06482032061090592
1105	5	-0.002435208757354701
1105	6	-0.13273847280686368
1105	7	0.23853040387275826
1105	8	0.14105074584997368
1105	9	0.06429270519991093
1105	10-11	0.05049648473107737
1105	12-13	0.08133104574366712
1105	14-15	0.07829003403698209
1105	16-17	0.0743525482098022
1105	18-19	0.017317739325655168
1105	20-21	0.05410383877658376
1105	22-23	0.036357659901291584
1105	24-25	0.07072324444444433
1105	26-27	0.09076955609957338
1105	28-29	-0.0801225594828594
1105	30-31	-0.022193512119493164
1105	32-33	-0.009830253662883592
1105	34-35	-0.021562247734074447
1105	36-37	0.07804892019428422
1105	38-39	-0.047290695849582676
1105	40-41	-0.05947419316677838
1105	42-43	-0.01870627102501743
1105	44-45	-0.036719306943290064
1105	46-47	-0.0475613179928942
1105	48-49	0.03010115751511222
1105	50-51	-0.03759050685217602
1105	52-53	-0.007803634946775162
1105	54-55	0.03278426128991896
1105	56-57	0.016238857539221385
1105	58-59	-0.0034549683743563264
1105	60-61	0.056455917538585254
1105	62-63	-0.07031807376124988
1105	64-65	-0.0755869688212556
1105	66-67	-0.028559482850532447
1105	68-69	0.08152597588392041
1105	70-71	0.028242939909262077
1105	72-73	0.15486646047882147
1105	74-75	0.06511553447906238
1105	76-77	0.013269329033199995
1105	78-79	0.10904908847197703
1105	80-81	2.3529403574684693E-4
1105	82-83	0.03094686684474368
1105	84-85	0.1336397382918335
1105	86-87	0.1273027758650258
1105	88-89	0.14613931579707184
1105	90-91	0.07397231526690717
1105	92-93	0.009343325447744633
1105	94-95	-0.02123221510576201
1105	96-97	0.007595359633540966
1105	98-99	0.0462698048961272
1105	100	-0.04646275643457898
1106	1	0.16569268149084593
1106	2	-0.043662777629503324
1106	3	-0.017462935957652803
1106	4	-0.12111134645660826
1106	5	-0.14312998595283943
1106	6	-0.24832657243236866
1106	7	-0.14850574668310657
1106	8	-0.1854452488353857
1106	9	-0.060875837661150456
1106	10-11	-0.13900491121769676
1106	12-13	-0.1915166243458799
1106	14-15	-0.021026664296066144
1106	16-17	-0.13415853601678407
1106	18-19	-0.020795731240227155
1106	20-21	-0.038343601694251106
1106	22-23	-0.041028999394931986
1106	24-25	-0.012881381414452164
1106	26-27	-0.005036695853959827
1106	28-29	0.019386621121924463
1106	30-31	-0.01022487774617531
1106	32-33	0.09769324740663876
1106	34-35	-6.251737052096473E-4
1106	36-37	-0.03682542913178111
1106	38-39	-0.06765709716653134
1106	40-41	-0.13861832415595643
1106	42-43	-0.3170770206820137
1106	44-45	-0.3323667631021934
1106	46-47	-0.025546537679353776
1106	48-49	0.05415654416403015
1106	50-51	-0.1078854702330787
1106	52-53	-0.07888593316888404
1106	54-55	-0.33746399769015056
1106	56-57	-0.18839162729182135
1106	58-59	-0.023904681283909213
1106	60-61	-0.05802724941781179
1106	62-63	-0.032430456893798976
1106	64-65	-0.22306233746946447
1106	66-67	-0.21661643514392637
1106	68-69	-0.1240223297579206
1106	70-71	-0.214125003366199
1106	72-73	-0.2370777488591287
1106	74-75	-0.23044299012893532
1106	76-77	-0.04448861995589937
1106	78-79	-0.3141699444062951
1106	80-81	-0.38353830176984616
1106	82-83	-0.5293093641579318
1106	84-85	-0.43963355343814214
1106	86-87	-0.3737004984651193
1106	88-89	-0.3846258695459852
1106	90-91	-0.2147885084686294
1106	92-93	-0.31840272264281566
1106	94-95	-0.40128498781382405
1106	96-97	-0.35211853967538076
1106	98-99	-0.43274700726368565
1106	100	-0.5407089953073836
1107	1	0.26812881638095476
1107	2	0.058377335861674595
1107	3	0.20206120959780094
1107	4	0.1695570105639561
1107	5	0.012208086441482635
1107	6	0.14900875967159521
1107	7	0.28651248394626094
1107	8	0.21874971632959728
1107	9	0.15498280946304277
1107	10-11	0.09173801393487224
1107	12-13	0.19100602922786436
1107	14-15	0.23347663933562757
1107	16-17	0.11425680458079057
1107	18-19	0.16253163309932717
1107	20-21	0.1273816095708611
1107	22-23	0.0956507154612396
1107	24-25	0.024586971302035465
1107	26-27	0.10464581783138271
1107	28-29	0.14543966175219936
1107	30-31	0.21270002023941004
1107	32-33	0.1562811673789497
1107	34-35	0.18548772749571896
1107	36-37	0.22592595664831094
1107	38-39	0.09854206266250287
1107	40-41	0.12625049267647626
1107	42-43	0.24761015947337484
1107	44-45	0.24737129907521904
1107	46-47	0.2327053084306101
1107	48-49	0.24036561326674644
1107	50-51	0.1312001151565383
1107	52-53	0.18118319569648378
1107	54-55	0.12107318618603102
1107	56-57	0.14332497312420855
1107	58-59	0.14794375843979424
1107	60-61	0.09862988356413638
1107	62-63	0.19645405566885898
1107	64-65	0.1716958970150415
1107	66-67	-0.046826019051302126
1107	68-69	0.09480589352293123
1107	70-71	0.17194958228532897
1107	72-73	0.2483790038226843
1107	74-75	0.12729253415922415
1107	76-77	0.3912692001664553
1107	78-79	0.2395446666165455
1107	80-81	0.1611758717279912
1107	82-83	0.20751324857760522
1107	84-85	0.19184697236170223
1107	86-87	0.14144116609829638
1107	88-89	0.10788578420543615
1107	90-91	0.10755513804216577
1107	92-93	0.11350395941127545
1107	94-95	-0.07216348359707325
1107	96-97	0.12439811994487115
1107	98-99	0.2610329836135179
1107	100	0.2778220160929834
1108	1	0.2715958077241645
1108	2	0.1562169067152297
1108	3	0.2707047213114535
1108	4	0.23373897867335813
1108	5	0.15510383981501974
1108	6	0.35283881843672305
1108	7	0.46054988881814296
1108	8	0.6134252899589256
1108	9	0.5285363012197593
1108	10-11	0.39891520671488934
1108	12-13	0.32389938882974434
1108	14-15	0.20098104840749897
1108	16-17	0.07040630675020765
1108	18-19	0.16458447912429364
1108	20-21	0.18802221790224394
1108	22-23	0.24526001801629604
1108	24-25	0.24506487226562257
1108	26-27	0.26286574767193116
1108	28-29	0.25129832749489367
1108	30-31	0.18280630000486298
1108	32-33	0.2859498859340732
1108	34-35	0.3106934359701725
1108	36-37	0.32522696166277854
1108	38-39	0.2169244371104213
1108	40-41	0.16880703598983615
1108	42-43	0.28570937781331907
1108	44-45	0.23696936078711417
1108	46-47	0.29828151393851954
1108	48-49	0.2562978350564791
1108	50-51	0.18546866242722615
1108	52-53	0.22427024188028355
1108	54-55	0.17202466421748852
1108	56-57	0.2714684959268254
1108	58-59	0.284734449906324
1108	60-61	0.4116628372581985
1108	62-63	0.2134530084841586
1108	64-65	0.25362128574781195
1108	66-67	0.21800638559398777
1108	68-69	0.14515691976715317
1108	70-71	0.24124989464079505
1108	72-73	0.25360532492910437
1108	74-75	0.3728536707178307
1108	76-77	0.2303333559790488
1108	78-79	0.2990576349287579
1108	80-81	0.26151401708609967
1108	82-83	0.19769442551292826
1108	84-85	0.27292367301633647
1108	86-87	0.17983305697380558
1108	88-89	0.35606962345841
1108	90-91	0.08729431978528623
1108	92-93	0.15357817999311152
1108	94-95	0.2803699167093683
1108	96-97	0.22662593066992542
1108	98-99	0.31557061926459795
1108	100	0.4781424150774285
1109	1	0.07771234034628449
1109	2	0.007668966813373146
1109	3	0.02992833665513217
1109	4	-0.057787830471781376
1109	5	-0.09184574414425128
1109	6	-0.013240662954594029
1109	7	0.18020147525709262
1109	8	-0.05016458989418027
1109	9	-0.04148244661021039
1109	10-11	-2.3670451129476078E-4
1109	12-13	0.07021022390185294
1109	14-15	0.11621639762418567
1109	16-17	0.13368802022981185
1109	18-19	0.16436640404203473
1109	20-21	0.10281565510771173
1109	22-23	0.08642272761182568
1109	24-25	0.0901772687863982
1109	26-27	0.08584237785765225
1109	28-29	0.1107796488070889
1109	30-31	-0.023533680179106398
1109	32-33	-0.05680983845064702
1109	34-35	0.03627736472054721
1109	36-37	0.1211889867273257
1109	38-39	0.1063201259747899
1109	40-41	0.04449153551307461
1109	42-43	-0.05190388672081525
1109	44-45	0.05510815372388578
1109	46-47	0.06778689892506407
1109	48-49	-1.8454730077621662E-4
1109	50-51	-0.03505365114025949
1109	52-53	-0.11366252000370736
1109	54-55	-0.06789842633796894
1109	56-57	-0.057944874137589863
1109	58-59	-0.1701922849680173
1109	60-61	-0.20553232840689617
1109	62-63	-0.09870931386807769
1109	64-65	-0.07044696857703059
1109	66-67	0.13772253421360148
1109	68-69	0.1512147149833325
1109	70-71	-0.06116585103499261
1109	72-73	-0.09285616965223653
1109	74-75	-0.1895146524030764
1109	76-77	-0.19904940157078244
1109	78-79	-0.14313408149430273
1109	80-81	-0.04083673574538693
1109	82-83	0.10949999122873777
1109	84-85	-0.025250203077447964
1109	86-87	-0.17239334222676206
1109	88-89	-0.039080370587029734
1109	90-91	0.0012879320407677142
1109	92-93	0.032549645912325786
1109	94-95	-0.03565831964323962
1109	96-97	0.024855311242696132
1109	98-99	0.03258639681342146
1109	100	-0.029689940433151207
1110	1	-0.006186963310888416
1110	2	0.007526123086503134
1110	3	0.11449385694567837
1110	4	-0.11542742447480947
1110	5	0.029775461256896563
1110	6	0.10785798313327177
1110	7	0.2294797715649608
1110	8	0.1634956870436568
1110	9	0.21702355445350463
1110	10-11	-0.003254060314674234
1110	12-13	-0.006511124366262777
1110	14-15	0.04027958569160717
1110	16-17	0.10790981248737808
1110	18-19	0.08112201388363616
1110	20-21	0.1303577039307413
1110	22-23	0.08384631028591372
1110	24-25	0.12534535947368397
1110	26-27	0.21632500833941748
1110	28-29	0.1026354642785634
1110	30-31	0.13611344932448333
1110	32-33	0.11666430811330031
1110	34-35	0.17915903990437698
1110	36-37	0.16228512113664806
1110	38-39	0.10252227274515491
1110	40-41	0.16637172507564912
1110	42-43	0.16319072603669582
1110	44-45	0.03045250125000365
1110	46-47	0.23430749654880856
1110	48-49	0.10311590408075944
1110	50-51	0.21398340315011666
1110	52-53	0.19697345071995187
1110	54-55	0.21953159883227613
1110	56-57	0.139817790952101
1110	58-59	0.10386982218267349
1110	60-61	0.1305929082325079
1110	62-63	0.11884496558585766
1110	64-65	9.015552393947246E-4
1110	66-67	0.10411729802051184
1110	68-69	0.019895361971272507
1110	70-71	0.19841272742701221
1110	72-73	0.081798675039785
1110	74-75	-0.0798282495916709
1110	76-77	-0.07485729965497256
1110	78-79	0.08099188110272593
1110	80-81	0.05584774977545237
1110	82-83	0.08329575119920918
1110	84-85	0.16843290212433715
1110	86-87	0.08906199243435964
1110	88-89	0.04545193766531952
1110	90-91	0.05255462116260645
1110	92-93	0.216674861165842
1110	94-95	0.2373071509948872
1110	96-97	0.18548441872626853
1110	98-99	0.013341488047444727
1110	100	0.17286368465936164
1111	1	0.01811672153259991
1111	2	0.05727991673576227
1111	3	0.18171180568744916
1111	4	0.03363462887655544
1111	5	0.03699820315002711
1111	6	0.09074712169126542
1111	7	0.020081216074636643
1111	8	-0.06003701413865059
1111	9	-0.050785418028603146
1111	10-11	0.05407586563918443
1111	12-13	0.03958082781493033
1111	14-15	-0.078175521708431
1111	16-17	-0.02680229885864094
1111	18-19	-0.013561090846103241
1111	20-21	0.11257237982948709
1111	22-23	-0.05300938551369683
1111	24-25	0.010532083373298917
1111	26-27	0.045695051081445115
1111	28-29	0.07614084016319111
1111	30-31	-0.06485345207655513
1111	32-33	-0.0018744007640663085
1111	34-35	0.009395519068412739
1111	36-37	0.030821856090241795
1111	38-39	0.18154176984820936
1111	40-41	0.13200147410401541
1111	42-43	0.10906180775931062
1111	44-45	0.047135988843542975
1111	46-47	0.21211910325153838
1111	48-49	0.08797960503146385
1111	50-51	0.25786682491523294
1111	52-53	0.15393074631124648
1111	54-55	0.156431622767073
1111	56-57	-0.09209766132569541
1111	58-59	-0.026735018249972597
1111	60-61	0.09202282480442392
1111	62-63	0.015290041118241504
1111	64-65	0.17441789220660553
1111	66-67	-0.02346188496392898
1111	68-69	-0.18152145858404367
1111	70-71	-0.1389040808357862
1111	72-73	-0.05415038983124276
1111	74-75	-0.04908309027202762
1111	76-77	-0.15087496186041705
1111	78-79	0.017483805974094935
1111	80-81	-0.07028201194795258
1111	82-83	0.08501022010688786
1111	84-85	0.0546178315337329
1111	86-87	0.050383652834007364
1111	88-89	-0.02267953138603218
1111	90-91	0.05293851063154875
1111	92-93	-0.10693577517144348
1111	94-95	0.17926214212693736
1111	96-97	0.041202357250071486
1111	98-99	0.22247952430447526
1111	100	0.11276068609111434
1112	1	0.09010760882794955
1112	2	0.042175643154259035
1112	3	-0.06596255901128245
1112	4	-0.035272779640358465
1112	5	0.0673040356542316
1112	6	-0.03751091576727106
1112	7	0.19508370591148605
1112	8	0.3902841404384745
1112	9	0.2565045688985279
1112	10-11	0.15923547547635053
1112	12-13	0.1639431889463694
1112	14-15	0.10714471943742865
1112	16-17	0.056577809358408615
1112	18-19	0.07549187245262345
1112	20-21	0.11234378628774522
1112	22-23	0.17565242785363466
1112	24-25	0.2009558909280642
1112	26-27	0.1838881268795447
1112	28-29	0.10155571475300462
1112	30-31	0.014574808701198094
1112	32-33	0.1591618231699954
1112	34-35	0.14460110494616885
1112	36-37	-0.015918264855912412
1112	38-39	0.10346653159488994
1112	40-41	0.11759015600304679
1112	42-43	-0.01703983455082181
1112	44-45	-0.08092374563278781
1112	46-47	-0.19895007787205543
1112	48-49	-0.25762904467157455
1112	50-51	-0.11324759561083653
1112	52-53	-0.2675621981688323
1112	54-55	-0.32518334827322803
1112	56-57	-0.19037339774283168
1112	58-59	-0.018358789660361197
1112	60-61	-0.14375563471828912
1112	62-63	-0.12338334237851001
1112	64-65	-0.03275171331877402
1112	66-67	-0.19473966727066028
1112	68-69	-0.10778779844530106
1112	70-71	-0.1701419619109643
1112	72-73	0.052693916299844545
1112	74-75	0.019463139663180584
1112	76-77	-0.1117417983139859
1112	78-79	0.013709139646614688
1112	80-81	-0.09635700269087266
1112	82-83	0.02511986132483912
1112	84-85	0.016406546041281445
1112	86-87	0.035184686877492766
1112	88-89	0.12609072493457063
1112	90-91	0.08569534933432266
1112	92-93	0.02474701568520743
1112	94-95	0.04344794092257587
1112	96-97	0.055992543069493195
1112	98-99	-0.014521901826924477
1112	100	-0.3821703007387782
1113	1	0.09964862383680995
1113	2	-0.011508234264013595
1113	3	-0.04519186445588019
1113	4	-0.1139501016147122
1113	5	-0.01888336319659345
1113	6	-0.2823516465625673
1113	7	0.05471432971906154
1113	8	0.2527296538006141
1113	9	0.030620197576610053
1113	10-11	0.05136963556179808
1113	12-13	0.026464156098882086
1113	14-15	-0.029498749774248267
1113	16-17	0.04136694278538755
1113	18-19	0.057933422115517885
1113	20-21	0.08491722420797032
1113	22-23	0.03855448910095305
1113	24-25	0.10565723410746841
1113	26-27	0.010282588191294906
1113	28-29	0.06920356605441214
1113	30-31	6.316281566753901E-4
1113	32-33	-0.10637753807071704
1113	34-35	0.07146741966339931
1113	36-37	0.02277143316314323
1113	38-39	-0.0037673630315850914
1113	40-41	0.14790146969224338
1113	42-43	0.04105743146164542
1113	44-45	0.183460922224306
1113	46-47	0.09587364266586462
1113	48-49	0.23110353898981373
1113	50-51	0.14640955182714066
1113	52-53	0.2538751995067372
1113	54-55	0.07235526377390045
1113	56-57	-0.003615750735235679
1113	58-59	0.15768464674317784
1113	60-61	0.22663853067682993
1113	62-63	0.08738465280368501
1113	64-65	0.13119719999176027
1113	66-67	0.028964328024365216
1113	68-69	0.017327372749647907
1113	70-71	0.003856809391756144
1113	72-73	0.0727314353606161
1113	74-75	-0.03712788104876097
1113	76-77	0.21969855110515368
1113	78-79	0.19701114359101268
1113	80-81	0.12532654516139985
1113	82-83	0.016247820769415
1113	84-85	0.22627907673953018
1113	86-87	0.011761317530250892
1113	88-89	0.005973862610758829
1113	90-91	0.041840174294442534
1113	92-93	0.08891073081449008
1113	94-95	0.06002520002702738
1113	96-97	0.10067255353050086
1113	98-99	0.04041794371745766
1113	100	0.16274171231322754
1114	1	-0.14217374904093916
1114	2	0.08048844443121794
1114	3	0.08506973050529609
1114	4	0.13166171352473555
1114	5	0.1481977384319606
1114	6	0.24565791179156804
1114	7	0.04751615382807017
1114	8	0.04288656333252305
1114	9	0.21237681128766184
1114	10-11	0.11482119740848873
1114	12-13	0.13456543677287414
1114	14-15	0.0935699772883396
1114	16-17	0.09372973914891247
1114	18-19	0.017903297622943626
1114	20-21	0.1309220534469091
1114	22-23	0.21836242588556587
1114	24-25	0.1759581481015502
1114	26-27	0.09937960982926342
1114	28-29	0.10197359687178675
1114	30-31	0.06409491929473887
1114	32-33	0.029760220815532534
1114	34-35	0.05186921949282208
1114	36-37	0.1135291546722641
1114	38-39	0.10960075464181784
1114	40-41	0.17326523654250536
1114	42-43	0.09238361278701035
1114	44-45	0.026733212800735373
1114	46-47	-0.06744361747550442
1114	48-49	-0.11668079839724044
1114	50-51	0.011639988661833911
1114	52-53	-0.10706654302887131
1114	54-55	-0.04448009152464749
1114	56-57	-0.09353681445100648
1114	58-59	-0.03455400148189369
1114	60-61	0.023889271310615356
1114	62-63	-0.06320008429313617
1114	64-65	0.0034781597755682014
1114	66-67	0.05587598143993944
1114	68-69	0.16711370020119887
1114	70-71	0.16817939063195553
1114	72-73	0.29967361659176817
1114	74-75	0.1526160529553664
1114	76-77	0.20371437618276644
1114	78-79	0.14699528187453836
1114	80-81	0.2743450498781925
1114	82-83	0.1503985015674587
1114	84-85	0.22664321240557683
1114	86-87	0.2097888274513977
1114	88-89	0.3463292161347695
1114	90-91	0.26326328336013916
1114	92-93	0.21246635273929826
1114	94-95	0.14601830187405795
1114	96-97	0.07607498958032011
1114	98-99	0.044875011123622244
1114	100	0.2286162618910268
1115	1	0.019210565114267553
1115	2	0.1001551617629346
1115	3	0.17056758983900266
1115	4	0.08824151727606733
1115	5	0.08658779260187544
1115	6	0.16993194916243226
1115	7	-0.0012273167024119402
1115	8	0.056294402384800435
1115	9	0.2255028656576954
1115	10-11	0.22608802348425172
1115	12-13	0.14486603096786155
1115	14-15	0.16210694106699464
1115	16-17	0.1282052543802763
1115	18-19	0.10983915295184232
1115	20-21	0.12896939843972177
1115	22-23	0.15802462369551762
1115	24-25	0.14109747879903267
1115	26-27	0.07261355446949125
1115	28-29	0.11819485295352194
1115	30-31	0.17728493262445255
1115	32-33	0.25026703308937925
1115	34-35	0.20013670140453854
1115	36-37	0.24883686372654523
1115	38-39	0.1769542386162115
1115	40-41	0.19460647226395622
1115	42-43	0.23417583632737404
1115	44-45	0.26393540495686096
1115	46-47	0.28660769896832505
1115	48-49	0.20521053830536573
1115	50-51	0.2568352607336024
1115	52-53	0.08595052619835286
1115	54-55	0.1302230919534324
1115	56-57	0.2621193106225945
1115	58-59	0.237459860348622
1115	60-61	0.2696874937196654
1115	62-63	0.2346385075556654
1115	64-65	0.24031757341327165
1115	66-67	0.2561996599545253
1115	68-69	0.2445102272616282
1115	70-71	0.24261740511671093
1115	72-73	0.21776705046485745
1115	74-75	0.29335718065783567
1115	76-77	0.1550751813926894
1115	78-79	0.28126588689226395
1115	80-81	0.3192829770359964
1115	82-83	0.2896909963334977
1115	84-85	0.2869362295019897
1115	86-87	0.24896843160600213
1115	88-89	0.36373463178439636
1115	90-91	0.3242325066540559
1115	92-93	0.19955394807728055
1115	94-95	0.3483636767215543
1115	96-97	0.10071157208409431
1115	98-99	0.2352984875490165
1115	100	0.40303001334606137
1116	1	-0.5520925088553703
1116	2	-0.6135789947657528
1116	3	-0.9234791862379055
1116	4	-0.3348786678819593
1116	5	-0.3499859875003395
1116	6	-0.5687215510788945
1116	7	-1.1285364062188137
1116	8	-0.8954954860825595
1116	9	-1.0839622416033095
1116	10-11	-1.021646843751121
1116	12-13	-0.870303726961005
1116	14-15	-1.0812505844377114
1116	16-17	-0.6552749387508925
1116	18-19	-0.8667340744268657
1116	20-21	-1.1241076285867138
1116	22-23	-0.9043349377466612
1116	24-25	-1.0922636394085075
1116	26-27	-1.146362879924176
1116	28-29	-0.9048601913448806
1116	30-31	-1.023287277655946
1116	32-33	-1.1614681901521635
1116	34-35	-1.2212580724423319
1116	36-37	-1.0588864572452223
1116	38-39	-0.8260043010273392
1116	40-41	-0.9060532380654038
1116	42-43	-0.8364316002845982
1116	44-45	-0.5946911402208812
1116	46-47	-0.8457706159038949
1116	48-49	-0.8583731751523231
1116	50-51	-0.8778578014547591
1116	52-53	-0.5264315467585376
1116	54-55	-0.4662372253272764
1116	56-57	-0.9654767272637699
1116	58-59	-1.292918661686116
1116	60-61	-1.4072419139130474
1116	62-63	-1.0191257789326826
1116	64-65	-1.0493817928696387
1116	66-67	-1.0808365038309447
1116	68-69	-0.8409138444131159
1116	70-71	-0.7447984514328212
1116	72-73	-1.3390884510708005
1116	74-75	-1.1054734718213837
1116	76-77	-1.3846308219245245
1116	78-79	-2.095399192689044
1116	80-81	-1.7813121582137086
1116	82-83	-1.367418812419814
1116	84-85	-1.9803243030362339
1116	86-87	-1.5658892116244587
1116	88-89	-1.5087414999169937
1116	90-91	-1.563681693248192
1116	92-93	-1.259845028209142
1116	94-95	-1.2937448024488205
1116	96-97	-1.2048008004358906
1116	98-99	-1.3673159381864934
1116	100	-1.6716446740496238
1117	1	-0.0649372333080045
1117	2	-0.02311649944731542
1117	3	-0.043933043153224105
1117	4	0.06021830960170149
1117	5	-0.04442765656768444
1117	6	-0.033732701393738296
1117	7	-0.22555429758401147
1117	8	-0.3345793650371647
1117	9	-0.2074703982300008
1117	10-11	0.008103931182191104
1117	12-13	0.00866570169618086
1117	14-15	-0.015892530971285623
1117	16-17	-0.10835129182093794
1117	18-19	-0.0685553260243168
1117	20-21	-0.056253142959690194
1117	22-23	-0.10793035893063774
1117	24-25	-0.23216109028550846
1117	26-27	-0.29146307394147186
1117	28-29	-0.19348789546961598
1117	30-31	-0.09729177557615287
1117	32-33	-0.30231476974056193
1117	34-35	-0.1144133692992284
1117	36-37	-0.26401370231030796
1117	38-39	-0.12029652190107498
1117	40-41	-0.07730520743837133
1117	42-43	-0.02061790472669145
1117	44-45	-0.0813457422060111
1117	46-47	-0.1557674616906013
1117	48-49	-0.2149816138489058
1117	50-51	-0.1474881554001115
1117	52-53	-0.10564406494452072
1117	54-55	-0.05439974832799521
1117	56-57	0.10303041313933647
1117	58-59	0.07258701057041606
1117	60-61	0.10235511674392939
1117	62-63	0.11743356339876954
1117	64-65	0.1263111540159514
1117	66-67	0.11049538031996775
1117	68-69	0.11997778071838638
1117	70-71	0.10441030139848806
1117	72-73	0.2607507423512274
1117	74-75	0.18473812382254096
1117	76-77	0.11063524471119734
1117	78-79	0.13000864869725604
1117	80-81	0.09701270725979327
1117	82-83	0.11131567861098546
1117	84-85	0.13086312256886146
1117	86-87	0.07667544924534297
1117	88-89	0.024362561579913233
1117	90-91	0.08093772950865485
1117	92-93	0.2007663061718432
1117	94-95	0.05903480529088512
1117	96-97	0.07968044003638397
1117	98-99	0.264793380131529
1117	100	0.21641965421049747
1118	1	-0.26581746645554105
1118	2	0.03425568283493163
1118	3	-0.16813192921784292
1118	4	-9.423615817283348E-4
1118	5	-0.06112469597581338
1118	6	-0.0936946898226978
1118	7	-0.3765540334664834
1118	8	-0.25356406138401866
1118	9	-0.2360031751062408
1118	10-11	0.05325144282997485
1118	12-13	0.001252240413606387
1118	14-15	0.00455828066016295
1118	16-17	0.09631390053769451
1118	18-19	0.028006840927659482
1118	20-21	0.05984866305024639
1118	22-23	-0.04405266770150007
1118	24-25	0.03331509217808559
1118	26-27	-0.09877915832725392
1118	28-29	-0.005756831318919353
1118	30-31	-0.045637729920805725
1118	32-33	0.009107311257949391
1118	34-35	-0.008586636196248776
1118	36-37	-0.1297746272910274
1118	38-39	-0.006754456814590526
1118	40-41	-0.0038326774400729846
1118	42-43	0.058729248049282035
1118	44-45	0.03453072452044381
1118	46-47	0.03673477642301748
1118	48-49	-0.018051548749433266
1118	50-51	-0.07419466288761356
1118	52-53	-0.0687498197203027
1118	54-55	-0.0865808225513689
1118	56-57	0.03982761799612433
1118	58-59	-0.012040162094052675
1118	60-61	0.0774286000564075
1118	62-63	0.10032098759842967
1118	64-65	-0.009072894446134683
1118	66-67	0.12691604015888203
1118	68-69	-0.01459756255702871
1118	70-71	-0.11806722540317338
1118	72-73	-0.20750950106084076
1118	74-75	0.08536436047122464
1118	76-77	-0.04802946946629305
1118	78-79	0.1013338622347959
1118	80-81	-0.009796904312601384
1118	82-83	0.153018628557696
1118	84-85	0.1773755121872327
1118	86-87	0.10409736979284645
1118	88-89	0.028893368482926007
1118	90-91	0.02494062745191883
1118	92-93	-0.06339589355113162
1118	94-95	-0.0702793269925408
1118	96-97	0.04505595960677056
1118	98-99	-0.007884927046902135
1118	100	-0.038614302762020714
1119	1	-0.26250311495641654
1119	2	0.06337314425502782
1119	3	-0.09708613565953073
1119	4	0.02932189953660469
1119	5	0.08380109466940411
1119	6	0.11189594119957036
1119	7	-0.5672488731712946
1119	8	-0.275153680290785
1119	9	-0.08067285571097216
1119	10-11	4.897024299310715E-5
1119	12-13	0.03674852714481602
1119	14-15	0.08832904583442058
1119	16-17	0.01874806167694487
1119	18-19	0.07444487592967874
1119	20-21	0.13907109410687468
1119	22-23	0.1404216064510777
1119	24-25	0.039710256992314896
1119	26-27	0.056902577096046514
1119	28-29	0.10332965974009767
1119	30-31	0.15151611537118015
1119	32-33	0.17242788110512208
1119	34-35	0.2194375490694327
1119	36-37	-0.04378250666627537
1119	38-39	-0.003754524039976559
1119	40-41	0.02441493885984869
1119	42-43	0.10811948113462932
1119	44-45	0.04409808715657704
1119	46-47	-0.05981791520667201
1119	48-49	-0.04183731358756404
1119	50-51	-0.06259536632656904
1119	52-53	-0.05498717294487676
1119	54-55	0.043775850128234595
1119	56-57	0.019469414071650704
1119	58-59	-0.021310495905439097
1119	60-61	0.19183756754920012
1119	62-63	-0.161324643125063
1119	64-65	-0.02984518806420766
1119	66-67	0.03067123145244466
1119	68-69	0.08803459134428238
1119	70-71	0.085789784337031
1119	72-73	0.16112217759435055
1119	74-75	0.08195839104383396
1119	76-77	0.19665622385149817
1119	78-79	0.17267271645282278
1119	80-81	0.24498018284884182
1119	82-83	0.05831393473197721
1119	84-85	0.13661767202678732
1119	86-87	0.14999410039832384
1119	88-89	0.1873664745944552
1119	90-91	0.12743938098125085
1119	92-93	0.33582345167361893
1119	94-95	0.20565449895347143
1119	96-97	0.2166816654733026
1119	98-99	0.41585744473935904
1119	100	0.2894252649787603
1120	1	-0.2111279868195659
1120	2	0.05685107002664225
1120	3	-0.10480775481309479
1120	4	0.08540422106675294
1120	5	0.006928543296453427
1120	6	0.05189200801195426
1120	7	-0.351220730159973
1120	8	-0.21934558085786904
1120	9	-0.2310698848138415
1120	10-11	0.08784556279258027
1120	12-13	-0.06713112070762861
1120	14-15	0.1128898955009845
1120	16-17	0.12078481731712998
1120	18-19	0.09725841048415163
1120	20-21	0.03665241655986051
1120	22-23	0.11956772295715012
1120	24-25	0.13944000258434386
1120	26-27	0.19061524659810658
1120	28-29	0.20776046195728526
1120	30-31	0.223921391762552
1120	32-33	0.1827108751044051
1120	34-35	0.16349667486032615
1120	36-37	0.027729530599721386
1120	38-39	0.13869186002540346
1120	40-41	0.2079173905882712
1120	42-43	0.04364769322464923
1120	44-45	-0.07060623053397563
1120	46-47	0.09962580834819335
1120	48-49	0.1846185889351375
1120	50-51	0.1946618003439795
1120	52-53	0.24978691404919573
1120	54-55	0.12498166209826422
1120	56-57	0.1734717897456335
1120	58-59	0.1662355298556406
1120	60-61	0.08426630015782877
1120	62-63	0.10167109933414054
1120	64-65	0.10470949127523
1120	66-67	0.14784632417514132
1120	68-69	0.1781476771812862
1120	70-71	0.07198644884612548
1120	72-73	0.19326491474904373
1120	74-75	0.32389328726778643
1120	76-77	0.23756020147271073
1120	78-79	0.25058959305162887
1120	80-81	0.24579230068655988
1120	82-83	0.12521106108047064
1120	84-85	0.13200606044699725
1120	86-87	0.1103543111547367
1120	88-89	0.09501929407272769
1120	90-91	0.3274031476545005
1120	92-93	0.07839001552915192
1120	94-95	0.03212404093827814
1120	96-97	0.17577703269789424
1120	98-99	0.16333479940503537
1120	100	0.20291490509605126
1121	1	-0.2587092379440108
1121	2	0.15612325192108756
1121	3	-0.0525196827096579
1121	4	0.11324863372870908
1121	5	0.0820627405154255
1121	6	0.12614905791375008
1121	7	-0.15108500634319455
1121	8	-0.136607427395262
1121	9	-0.022178661601508054
1121	10-11	0.16384887342822196
1121	12-13	0.011213173467353954
1121	14-15	0.11731783879434943
1121	16-17	0.23153743781824687
1121	18-19	0.11194845502820527
1121	20-21	0.2786642251817284
1121	22-23	0.24665245876243347
1121	24-25	0.1442237933448851
1121	26-27	0.22879073818062068
1121	28-29	0.028353423781958043
1121	30-31	0.2115740075342174
1121	32-33	0.13344890900920348
1121	34-35	0.16909927052268614
1121	36-37	0.17722570422215256
1121	38-39	0.08572569119834128
1121	40-41	0.10496413084985079
1121	42-43	0.1239450401057951
1121	44-45	0.13761665886764263
1121	46-47	0.13559247875600988
1121	48-49	0.06287797449762422
1121	50-51	0.10631450604518733
1121	52-53	0.07268878127079859
1121	54-55	0.08475527451278708
1121	56-57	0.17519126906989868
1121	58-59	0.22581398012626153
1121	60-61	0.03639187957156054
1121	62-63	0.18186000422919335
1121	64-65	0.21041730282684057
1121	66-67	0.16395529763143912
1121	68-69	0.12800387297393456
1121	70-71	0.12218104213973646
1121	72-73	0.183477262858311
1121	74-75	0.16793395560347335
1121	76-77	0.09774627266792635
1121	78-79	0.2561300644104989
1121	80-81	0.20572535311752915
1121	82-83	0.22039108329185808
1121	84-85	0.19739087911010955
1121	86-87	0.297483442565877
1121	88-89	0.2825126568329068
1121	90-91	0.37021837871381535
1121	92-93	0.3105274970254541
1121	94-95	0.21774253787322095
1121	96-97	0.10004236148714796
1121	98-99	0.20989048499695429
1121	100	0.2142314009409958
>>END_MODULE
>>Per sequence quality scores	pass
#Quality	Count
26	7.0
27	226.0
28	2990.0
29	12513.0
30	24580.0
31	34295.0
32	42324.0
33	51451.0
34	62680.0
35	75431.0
36	93760.0
37	119668.0
38	162223.0
39	243913.0
40	467147.0
41	606792.0
>>END_MODULE
>>Per base sequence content	fail
#Base	G	A	T	C
1	26.712750000000003	12.704450000000001	15.65695	44.92585
2	25.968049999999998	20.17035	33.41455	20.44705
3	24.61515	24.3281	24.14375	26.912999999999997
4	25.421899999999997	29.314899999999998	18.92565	26.33755
5	25.3417	32.4965	21.15795	21.00385
6	20.42545	34.76715	21.5602	23.2472
7	19.0217	16.13	40.992250000000006	23.85605
8	22.5334	21.42245	26.9986	29.04555
9	22.05795	19.5254	29.881950000000003	28.5347
10-11	24.0885	29.890299999999996	20.98455	25.036649999999998
12-13	23.554775	23.053375000000003	27.84135	25.5505
14-15	23.474475	25.273425	26.498925	24.753175
16-17	24.71755	25.062075	25.25215	24.968225
18-19	24.463725	25.34145	25.1645	25.030324999999998
20-21	24.4894	25.548650000000002	25.162975	24.798975000000002
22-23	24.488225	25.893300000000004	25.079050000000002	24.539425
24-25	24.2943	26.090075000000002	25.057775	24.557850000000002
26-27	24.362275	26.0199	25.074174999999997	24.54365
28-29	24.4677	25.637500000000003	25.17355	24.72125
30-31	24.20325	25.762800000000002	25.324425	24.709525
32-33	24.25415	26.010525	25.2015	24.533825
34-35	24.507075	25.836274999999997	25.08315	24.5735
36-37	24.3313	25.752225	25.2191	24.697375
38-39	24.421125	25.865775000000003	25.177375	24.535725
40-41	24.49725	25.7712	25.147125	24.584425
42-43	24.299925	25.633774999999996	25.362499999999997	24.7038
44-45	24.4395	25.696849999999998	25.288149999999998	24.5755
46-47	24.5148	25.751275	25.132525	24.6014
48-49	24.378775	25.69625	25.2701	24.654875
50-51	24.385650000000002	25.775975000000003	25.333925	24.50445
52-53	24.604175	25.65375	25.20505	24.537025
54-55	24.395825	25.63125	25.30855	24.664375
56-57	24.453975	25.736375	25.295475	24.514174999999998
58-59	24.494125	25.725749999999998	25.272250000000003	24.507875000000002
60-61	24.385	25.658675	25.35235	24.603975
62-63	24.452099999999998	25.701649999999997	25.348325	24.497925000000002
64-65	24.50085	25.7407	25.284675	24.473775
66-67	24.436925000000002	25.646075000000003	25.318524999999998	24.598475
68-69	24.420125000000002	25.819125	25.327775000000003	24.432975000000003
70-71	24.575456143864034	25.684531421132856	25.283406320851583	24.456606114151526
72-73	24.4057	25.645325000000003	25.39865	24.550325
74-75	24.4737	25.7334	25.367174999999996	24.425725
76-77	24.543599999999998	25.74525	25.267574999999997	24.443575
78-79	24.406325000000002	25.67275	25.347475000000003	24.57345
80-81	24.4816	25.777925000000003	25.334425	24.40605
82-83	24.54185	25.70415	25.286649999999998	24.46735
84-85	24.43565	25.671850000000003	25.334574999999997	24.557925
86-87	24.455725	25.743475	25.379875000000002	24.420925
88-89	24.580644967739612	25.73000876010512	25.306178674144093	24.383167598011177
90-91	24.476661714992574	25.696738545107817	25.320487980731972	24.50611175916764
92-93	24.58235	25.76135	25.333250000000003	24.32305
94-95	24.706335894485175	25.72471313607639	25.203649197616034	24.365301771822395
96-97	24.6649	25.706425	25.20795	24.420724999999997
98-99	24.707124999999998	25.807675000000003	25.200075	24.285125
100	24.735231277935032	25.674903360228967	25.120440330347765	24.46942503148824
>>END_MODULE
>>Per sequence GC content	warn
#GC Content	Count
0	123.0
1	70.5
2	15.5
3	11.0
4	8.0
5	9.5
6	8.5
7	12.5
8	22.5
9	35.0
10	36.0
11	30.5
12	40.5
13	53.5
14	73.5
15	106.5
16	149.5
17	211.5
18	295.0
19	425.0
20	621.5
21	830.5
22	1161.0
23	1502.0
24	1876.0
25	2466.5
26	3106.0
27	3812.5
28	4648.5
29	5652.0
30	6930.0
31	8569.0
32	10186.5
33	11770.5
34	13593.0
35	15698.0
36	18440.0
37	21502.5
38	25046.5
39	29435.0
40	34650.0
41	40770.5
42	47689.0
43	55756.5
44	64915.0
45	74291.0
46	84090.0
47	94391.0
48	103754.5
49	111754.0
50	117121.5
51	118432.5
52	116754.0
53	113902.5
54	107771.5
55	97953.0
56	86896.0
57	74920.5
58	63112.0
59	52049.5
60	41594.5
61	32093.5
62	24210.0
63	17525.0
64	11941.0
65	7997.5
66	5241.5
67	3358.0
68	2147.0
69	1348.5
70	898.0
71	614.5
72	416.0
73	302.0
74	256.5
75	187.5
76	104.5
77	71.5
78	89.0
79	59.5
80	17.0
81	6.0
82	2.0
83	1.5
84	1.0
85	2.0
86	1.0
87	0.5
88	0.5
89	0.0
90	0.5
91	0.5
92	0.5
93	1.5
94	1.0
95	0.5
96	0.5
97	0.5
98	1.0
99	2.5
100	4.0
>>END_MODULE
>>Per base N content	pass
#Base	N-Count
1	0.0
2	0.0
3	0.0
4	0.0
5	0.0
6	0.0
7	0.0
8	0.0
9	0.0
10-11	0.0
12-13	0.0
14-15	0.0
16-17	0.0
18-19	0.0
20-21	0.0
22-23	0.0
24-25	0.0
26-27	0.0
28-29	0.0
30-31	0.0
32-33	0.0
34-35	0.0
36-37	0.0
38-39	0.0
40-41	0.0
42-43	0.0
44-45	0.0
46-47	0.0
48-49	0.0
50-51	0.0
52-53	0.0
54-55	0.0
56-57	0.0
58-59	0.0
60-61	0.0
62-63	0.0
64-65	0.0
66-67	0.0
68-69	0.0
70-71	2.4999999999999998E-5
72-73	0.0
74-75	0.0
76-77	0.0
78-79	0.0
80-81	0.0
82-83	0.0
84-85	0.0
86-87	0.0
88-89	0.0012000000000000001
90-91	1.5000000000000001E-4
92-93	0.0
94-95	0.002675
96-97	0.0
98-99	0.0
100	0.0023499999999999997
>>END_MODULE
>>Sequence Length Distribution	pass
#Length	Count
100	2000000.0
>>END_MODULE
>>Sequence Duplication Levels	pass
#Total Deduplicated Percentage	82.45237762146631
#Duplication Level	Percentage of deduplicated	Percentage of total
1	88.46647434363493	72.94271149421148
2	8.133901959136612	13.41319111741433
3	1.6851457409987836	4.168328189521121
4	0.6326982316674257	2.086698940715062
5	0.32175208225461044	1.3264612093275114
6	0.2066789885323604	1.0224704405335732
7	0.13877264666263955	0.8009494266310792
8	0.09681973071895314	0.6386413598758245
9	0.06767983411816646	0.5022326916062333
>10	0.2487104251919693	3.0269306698424514
>50	0.0013033877595917936	0.06549757252042793
>100	6.262932393765749E-5	0.005886887800932757
>500	0.0	0.0
>1k	0.0	0.0
>5k	0.0	0.0
>10k+	0.0	0.0
>>END_MODULE
>>Overrepresented sequences	pass
>>END_MODULE
>>Adapter Content	pass
#Position	Illumina Universal Adapter	Illumina Small RNA 3' Adapter	Illumina Small RNA 5' Adapter	Nextera Transposase Sequence	SOLID Small RNA Adapter
1	0.0	0.0	0.0	0.0	5.0E-5
2	0.0	0.0	0.0	5.0E-5	5.0E-5
3	0.0	0.0	0.0	5.0E-5	5.0E-5
4	0.0	0.0	0.0	5.0E-5	5.0E-5
5	0.0	0.0	0.0	5.0E-5	5.0E-5
6	0.0	0.0	0.0	5.0E-5	5.0E-5
7	0.0	0.0	0.0	5.0E-5	5.0E-5
8	0.0	0.0	0.0	5.0E-5	5.0E-5
9	0.0	0.0	0.0	5.0E-5	5.0E-5
10-11	0.0	0.0	0.0	5.0E-5	5.0E-5
12-13	0.0	0.0	0.0	5.0E-5	1.0E-4
14-15	0.0	0.0	0.0	5.0E-5	1.0E-4
16-17	0.0	5.0E-5	0.0	5.0E-5	1.0E-4
18-19	0.0	1.0E-4	0.0	5.0E-5	2.0E-4
20-21	0.0	1.0E-4	0.0	5.0E-5	2.0E-4
22-23	0.0	1.0E-4	0.0	5.0E-5	2.0E-4
24-25	0.0	1.0E-4	2.5E-5	5.0E-5	2.5E-4
26-27	0.0	1.0E-4	9.999999999999999E-5	5.0E-5	2.5E-4
28-29	0.0	1.0E-4	2.0E-4	5.0E-5	3.75E-4
30-31	0.0	1.0E-4	2.0E-4	5.0E-5	4.0E-4
32-33	0.0	1.5E-4	2.0E-4	5.0E-5	4.0E-4
34-35	0.0	1.5E-4	2.0E-4	5.0E-5	4.0E-4
36-37	0.0	1.5E-4	2.25E-4	5.0E-5	4.0E-4
38-39	0.0	1.5E-4	2.5E-4	5.0E-5	4.0E-4
40-41	0.0	1.5E-4	2.5E-4	5.0E-5	5.499999999999999E-4
42-43	0.0	1.5E-4	2.5E-4	5.0E-5	7.5E-4
44-45	0.0	1.5E-4	3.0E-4	1.0E-4	8.5E-4
46-47	0.0	1.5E-4	3.0E-4	1.0E-4	9.25E-4
48-49	0.0	1.5E-4	3.0E-4	1.0E-4	0.0012
50-51	0.0	1.5E-4	3.0E-4	1.0E-4	0.0012499999999999998
52-53	0.0	1.5E-4	3.0E-4	1.0E-4	0.0014
54-55	2.5E-5	1.5E-4	3.0E-4	1.0E-4	0.001425
56-57	5.0E-5	1.5E-4	3.0E-4	1.0E-4	0.00155
58-59	5.0E-5	1.5E-4	3.0E-4	1.0E-4	0.0017000000000000001
60-61	7.500000000000001E-5	1.5E-4	3.0E-4	1.0E-4	0.001775
62-63	1.25E-4	1.5E-4	3.0E-4	1.0E-4	0.002
64-65	1.5E-4	1.5E-4	3.0E-4	1.0E-4	0.002025
66-67	2.25E-4	1.5E-4	3.0E-4	1.0E-4	0.0021
68-69	2.5E-4	1.5E-4	3.0E-4	1.0E-4	0.0021
70-71	3.9999999999999996E-4	1.5E-4	3.0E-4	1.0E-4	0.002275
72-73	6.25E-4	1.5E-4	3.0E-4	1.0E-4	0.0023
74-75	7.75E-4	1.5E-4	3.0E-4	1.0E-4	0.00245
76-77	9.75E-4	1.5E-4	3.0E-4	1.0E-4	0.0026750000000000003
78-79	0.00115	1.5E-4	3.0E-4	1.5E-4	0.002725
80-81	0.001325	1.5E-4	3.0E-4	1.5E-4	0.003025
82-83	0.00145	1.5E-4	3.5E-4	1.5E-4	0.0031
84-85	0.01645	1.5E-4	3.5E-4	1.5E-4	0.0032500000000000003
86-87	0.078175	1.5E-4	3.5E-4	1.5E-4	0.0033
88-89	0.154025	1.75E-4	3.75E-4	1.75E-4	0.003325
>>END_MODULE
