##FastQC	0.11.7
>>Basic Statistics	pass
#Measure	Value
Filename	219_L8_1.fq.gz
File type	Conventional base calls
Encoding	Sanger / Illumina 1.9
Total Sequences	2000000
Sequences flagged as poor quality	0
Sequence length	100
%GC	49
>>END_MODULE
>>Per base sequence quality	pass
#Base	Mean	Median	Lower Quartile	Upper Quartile	10th Percentile	90th Percentile
1	31.2300955	32.0	32.0	32.0	32.0	32.0
2	31.636043	32.0	32.0	32.0	32.0	32.0
3	35.700022	37.0	37.0	37.0	32.0	37.0
4	36.151021	37.0	37.0	37.0	32.0	37.0
5	36.4043585	37.0	37.0	37.0	37.0	37.0
6	40.4459495	42.0	42.0	42.0	37.0	42.0
7	40.560367	42.0	42.0	42.0	37.0	42.0
8	40.827052	42.0	42.0	42.0	37.0	42.0
9	40.8851695	42.0	42.0	42.0	37.0	42.0
10-11	40.8765605	42.0	42.0	42.0	37.0	42.0
12-13	40.907805999999994	42.0	42.0	42.0	37.0	42.0
14-15	40.88653375	42.0	42.0	42.0	37.0	42.0
16-17	40.843948	42.0	42.0	42.0	37.0	42.0
18-19	40.8184485	42.0	42.0	42.0	37.0	42.0
20-21	40.78243175	42.0	42.0	42.0	37.0	42.0
22-23	40.77309425	42.0	42.0	42.0	37.0	42.0
24-25	40.725107	42.0	42.0	42.0	37.0	42.0
26-27	40.6397365	42.0	42.0	42.0	37.0	42.0
28-29	40.585663249999996	42.0	42.0	42.0	37.0	42.0
30-31	40.546018000000004	42.0	42.0	42.0	37.0	42.0
32-33	40.532051499999994	42.0	42.0	42.0	37.0	42.0
34-35	40.5035445	42.0	42.0	42.0	37.0	42.0
36-37	40.45032	42.0	42.0	42.0	37.0	42.0
38-39	40.3840845	42.0	42.0	42.0	37.0	42.0
40-41	40.352461500000004	42.0	42.0	42.0	37.0	42.0
42-43	40.323991	42.0	42.0	42.0	37.0	42.0
44-45	40.26936175	42.0	42.0	42.0	37.0	42.0
46-47	40.20178425	42.0	42.0	42.0	37.0	42.0
48-49	40.1315	42.0	42.0	42.0	37.0	42.0
50-51	40.113046	42.0	42.0	42.0	37.0	42.0
52-53	40.033936499999996	42.0	42.0	42.0	37.0	42.0
54-55	39.99281675	42.0	42.0	42.0	37.0	42.0
56-57	39.92476525	42.0	42.0	42.0	37.0	42.0
58-59	39.839957749999996	42.0	42.0	42.0	37.0	42.0
60-61	39.73548975	42.0	42.0	42.0	32.0	42.0
62-63	39.6859195	42.0	42.0	42.0	32.0	42.0
64-65	39.59238725	42.0	42.0	42.0	32.0	42.0
66-67	39.44297525	42.0	39.5	42.0	32.0	42.0
68-69	39.261715	42.0	37.0	42.0	32.0	42.0
70-71	39.140262	42.0	37.0	42.0	32.0	42.0
72-73	38.96652775	42.0	37.0	42.0	32.0	42.0
74-75	38.83363675	42.0	37.0	42.0	32.0	42.0
76-77	37.468139750000006	39.5	34.5	42.0	29.5	42.0
78-79	37.82375475	42.0	37.0	42.0	29.5	42.0
80-81	38.4865985	42.0	37.0	42.0	32.0	42.0
82-83	38.39116075	42.0	37.0	42.0	32.0	42.0
84-85	38.47886075	42.0	37.0	42.0	32.0	42.0
86-87	38.41478025	42.0	37.0	42.0	32.0	42.0
88-89	38.291227	42.0	37.0	42.0	32.0	42.0
90-91	38.1591125	42.0	37.0	42.0	32.0	42.0
92-93	38.038966	42.0	37.0	42.0	32.0	42.0
94-95	38.11373725	42.0	37.0	42.0	32.0	42.0
96-97	38.0212865	42.0	37.0	42.0	29.5	42.0
98-99	37.981320249999996	42.0	37.0	42.0	29.5	42.0
100	37.9204145	42.0	37.0	42.0	27.0	42.0
>>END_MODULE
>>Per tile sequence quality	pass
#Tile	Base	Mean
1101	1	0.09160621746232422
1101	2	0.08825414716419644
1101	3	0.09156721175318694
1101	4	0.005786248110993597
1101	5	0.02011000206402258
1101	6	-0.007548014219658228
1101	7	-0.03959683738143838
1101	8	0.0039244982425472585
1101	9	-0.007521548139813206
1101	10-11	-0.007487960918922454
1101	12-13	0.00133926444848953
1101	14-15	0.019306278301890245
1101	16-17	-0.08911241865811093
1101	18-19	-0.09569802529387061
1101	20-21	-0.12279028999222419
1101	22-23	-0.130968358562356
1101	24-25	-0.19711761487262436
1101	26-27	-0.19779391477389652
1101	28-29	-0.2202435919068293
1101	30-31	-0.34567350178524237
1101	32-33	-0.336944558040706
1101	34-35	-0.1753915741744052
1101	36-37	-0.31262533083674526
1101	38-39	-0.3719443143591761
1101	40-41	-0.49324901056691317
1101	42-43	-0.5256453692263818
1101	44-45	-0.3678471441733393
1101	46-47	-0.5313818858846915
1101	48-49	-0.4751731566563606
1101	50-51	-0.4259467322775663
1101	52-53	-0.6180066679910965
1101	54-55	-0.6153281054281123
1101	56-57	-0.6755639969498617
1101	58-59	-0.8123457942817964
1101	60-61	-0.7889803644138667
1101	62-63	-0.9274549191197181
1101	64-65	-1.1875131866971032
1101	66-67	-1.3955623120717533
1101	68-69	-1.99276526958905
1101	70-71	-2.1394367461022483
1101	72-73	-2.2455023743107105
1101	74-75	-2.130007475816825
1101	76-77	-2.435458727145665
1101	78-79	-2.5092332444802636
1101	80-81	-2.2402402059195907
1101	82-83	-2.0980258699939114
1101	84-85	-1.5392673070268472
1101	86-87	-1.7557662570497854
1101	88-89	-1.429798599096081
1101	90-91	-1.5896822078400348
1101	92-93	-1.3376898430638633
1101	94-95	-0.927469687405484
1101	96-97	-0.7387865616295528
1101	98-99	-0.9501054165402252
1101	100	-0.5169785567092191
1102	1	-0.057936454526618775
1102	2	-0.07374862117190517
1102	3	0.07289439666265451
1102	4	0.027796636924271922
1102	5	0.05376821521517172
1102	6	0.017544342326452522
1102	7	0.11130972908873815
1102	8	-0.0847148912964073
1102	9	-0.0871502302524263
1102	10-11	6.894396086210008E-5
1102	12-13	0.00930030530550141
1102	14-15	0.06021037343382574
1102	16-17	0.015879157872326743
1102	18-19	0.014322197840613171
1102	20-21	-0.036174611436834425
1102	22-23	-0.03770701122661535
1102	24-25	-0.0768019399843638
1102	26-27	-0.1627241418915446
1102	28-29	-0.048100373942695285
1102	30-31	-0.14444674210396613
1102	32-33	-0.1950019778592349
1102	34-35	-0.15746309227323252
1102	36-37	-0.08406946343701804
1102	38-39	-0.10285710849240814
1102	40-41	-0.11873399858463785
1102	42-43	-0.08049092884747466
1102	44-45	-0.166928960152525
1102	46-47	-0.1773630431914981
1102	48-49	-0.2693073022973138
1102	50-51	-0.17273826591548413
1102	52-53	-0.20306704571354572
1102	54-55	-0.288825043820907
1102	56-57	-0.289548007364111
1102	58-59	-0.4563928381070994
1102	60-61	-0.5212479783697148
1102	62-63	-0.4169632410723594
1102	64-65	-0.47663464868585237
1102	66-67	-0.6826485287572623
1102	68-69	-0.7237884627518483
1102	70-71	-0.7889516164676778
1102	72-73	-0.9250834458324846
1102	74-75	-0.9979303725482325
1102	76-77	-1.3245292244603064
1102	78-79	-1.1646710904850082
1102	80-81	-1.258960648992499
1102	82-83	-1.0486337081436332
1102	84-85	-1.0586107337988082
1102	86-87	-0.9522431130802076
1102	88-89	-0.8439069553150276
1102	90-91	-0.5847447115543716
1102	92-93	-0.5063366714626056
1102	94-95	-0.4444718336212574
1102	96-97	-0.154934747065532
1102	98-99	-0.03647202956805984
1102	100	-0.10753259362420664
1103	1	-0.12652352424448665
1103	2	-0.050917096105838056
1103	3	0.04632159249782575
1103	4	0.04092080212141269
1103	5	-0.029813154042031442
1103	6	0.022901012475244897
1103	7	0.07084694884898113
1103	8	-0.012802179400480895
1103	9	-0.02206191641135291
1103	10-11	-0.041792029845836964
1103	12-13	0.04145126244785047
1103	14-15	-4.437191372304028E-4
1103	16-17	-0.0019639277010981004
1103	18-19	0.017802249164432737
1103	20-21	0.01915180393407212
1103	22-23	-0.027947252457465765
1103	24-25	-0.121909131456448
1103	26-27	-0.12423423730402305
1103	28-29	-0.2253080814833126
1103	30-31	-0.1622493160049885
1103	32-33	-0.12537641614463269
1103	34-35	-0.14143339141639188
1103	36-37	-0.12076768344233102
1103	38-39	-0.15510027414771344
1103	40-41	-0.2526074946824153
1103	42-43	-0.3504052539115392
1103	44-45	-0.3517541756444871
1103	46-47	-0.4887269132202121
1103	48-49	-0.42859312977491015
1103	50-51	-0.3458706275939534
1103	52-53	-0.5543333439498497
1103	54-55	-0.42709550661672324
1103	56-57	-0.3865809814523473
1103	58-59	-0.3530812085931885
1103	60-61	-0.28726650820421185
1103	62-63	-0.41253366176479744
1103	64-65	-0.46797448226442384
1103	66-67	-0.5320206447894904
1103	68-69	-0.6169209889495377
1103	70-71	-0.5162588183220649
1103	72-73	-0.4891243581995681
1103	74-75	-0.5563922344520904
1103	76-77	-0.6793324722363892
1103	78-79	-0.5452919468425677
1103	80-81	-0.652691120580343
1103	82-83	-0.5783089301789275
1103	84-85	-0.5622269473736807
1103	86-87	-0.390885017272403
1103	88-89	-0.4111516182261141
1103	90-91	-0.3355347872359573
1103	92-93	-0.12005273382838055
1103	94-95	0.00612487133665951
1103	96-97	0.0321380341391162
1103	98-99	-0.002562547265512194
1103	100	0.12237628257236821
1104	1	0.04511846946015652
1104	2	-0.009250136009203658
1104	3	-0.05562505825200503
1104	4	-0.188906870658883
1104	5	-0.001678457187004767
1104	6	-0.09730551408168253
1104	7	-0.08163903094800418
1104	8	-0.060128780967758644
1104	9	-0.006951458706716096
1104	10-11	-0.0530002085832848
1104	12-13	-0.025493143279732067
1104	14-15	-0.006495651153414883
1104	16-17	-0.2232925757353641
1104	18-19	-0.07887209363018144
1104	20-21	-0.041944688505978434
1104	22-23	-0.20769055265292735
1104	24-25	-0.08878205585648402
1104	26-27	-0.09959221501304683
1104	28-29	-0.07253008375719361
1104	30-31	-0.14438203459985743
1104	32-33	-0.13295817583240677
1104	34-35	-0.10786057633197998
1104	36-37	-0.1343812491274008
1104	38-39	-0.09643628337169474
1104	40-41	-0.14014503480173346
1104	42-43	-0.1844328157377717
1104	44-45	-0.17659042652964985
1104	46-47	-0.1329348612531831
1104	48-49	-0.1427492650463975
1104	50-51	-0.12790254212159624
1104	52-53	-0.2956600575507764
1104	54-55	-0.3533143494631048
1104	56-57	-0.34818844956139827
1104	58-59	-0.39589895633866945
1104	60-61	-0.34073201621752247
1104	62-63	-0.38080604156119335
1104	64-65	-0.4264126684027403
1104	66-67	-0.3121789091769145
1104	68-69	-0.40062180205857345
1104	70-71	-0.5526870436181781
1104	72-73	-0.7017567488857068
1104	74-75	-0.6185235128867248
1104	76-77	-0.6869720897600473
1104	78-79	-0.8572566613199584
1104	80-81	-0.5829491803508517
1104	82-83	-0.71540691816449
1104	84-85	-0.8332788376245119
1104	86-87	-0.7820461583221103
1104	88-89	-0.5526517885584852
1104	90-91	-0.49663078873936684
1104	92-93	-0.4079916229891509
1104	94-95	-0.3851237267383638
1104	96-97	-0.2484298346514464
1104	98-99	0.07869820232538416
1104	100	0.1549265254984249
1105	1	0.028353315801769696
1105	2	-0.026045952423814356
1105	3	0.07096236214690066
1105	4	0.042235064637779374
1105	5	0.015766492577121483
1105	6	0.023575903414133847
1105	7	0.1318922030187366
1105	8	-0.015378261751500588
1105	9	0.043626349314820345
1105	10-11	0.06487208759430274
1105	12-13	0.10616848489792119
1105	14-15	-0.05566611100410768
1105	16-17	0.04530484970621984
1105	18-19	0.021588406596748655
1105	20-21	-0.027432605705698165
1105	22-23	-0.013442709538054487
1105	24-25	-0.03892586686674804
1105	26-27	-0.0656947246908004
1105	28-29	-0.004073847006829112
1105	30-31	-0.062136086648671096
1105	32-33	-0.09762250540122608
1105	34-35	-0.06160975225581922
1105	36-37	-0.11799908822892746
1105	38-39	-0.054037643061917606
1105	40-41	-0.05566474267574506
1105	42-43	-0.07580852584806053
1105	44-45	-0.01691422266847553
1105	46-47	-0.15868930711072693
1105	48-49	-0.1455001681538306
1105	50-51	-0.25562598963608707
1105	52-53	-0.16572625468445779
1105	54-55	-0.18430037374518093
1105	56-57	-0.07637537257026139
1105	58-59	-0.29189259071314666
1105	60-61	-0.14365462959302988
1105	62-63	-0.20634743143416046
1105	64-65	-0.41485734221372894
1105	66-67	-0.29978955718537037
1105	68-69	-0.38387977381223237
1105	70-71	-0.3210594163301437
1105	72-73	-0.28201269795921036
1105	74-75	-0.5011659088072946
1105	76-77	-0.8484386695551294
1105	78-79	-0.7689193141563848
1105	80-81	-0.6172307485305453
1105	82-83	-0.7668622258963396
1105	84-85	-0.5996662577457315
1105	86-87	-0.5252152622209181
1105	88-89	-0.5456675582576622
1105	90-91	-0.6237357306574225
1105	92-93	-0.43617832664495637
1105	94-95	-0.3184915331148588
1105	96-97	-0.31614984439026017
1105	98-99	-0.4091945127042891
1105	100	-0.17531949143229753
1106	1	-0.030098718213995568
1106	2	-0.10345079054971151
1106	3	-0.07057372401441597
1106	4	-0.12071425914721345
1106	5	-0.10002439690887144
1106	6	-0.1521969470213449
1106	7	-0.08337747892502279
1106	8	-0.07961219937715924
1106	9	-0.003340475706927748
1106	10-11	0.005334731046062302
1106	12-13	0.007819808921247784
1106	14-15	-0.07277001923078075
1106	16-17	-0.14272863783929068
1106	18-19	-0.11268783219547629
1106	20-21	-0.03001172409135222
1106	22-23	-0.017259037023009682
1106	24-25	-0.14794322879360777
1106	26-27	-0.05582969873793786
1106	28-29	0.005663413574495735
1106	30-31	0.018959109405578545
1106	32-33	-0.12281582010604808
1106	34-35	-0.3297291997944214
1106	36-37	-0.2992830978166481
1106	38-39	-0.3652393292712901
1106	40-41	-0.30138105286240346
1106	42-43	-0.21353587348321668
1106	44-45	-0.14386952058683278
1106	46-47	-0.19587772889403965
1106	48-49	-0.2891025392643414
1106	50-51	-0.374007297419638
1106	52-53	-0.3684337278985055
1106	54-55	-0.16806716728467563
1106	56-57	-0.16458447769085893
1106	58-59	-0.2616548676527941
1106	60-61	-0.2947220721328918
1106	62-63	-0.34396280016395053
1106	64-65	-0.3704631384265866
1106	66-67	-0.5246617598948617
1106	68-69	-0.4939619466046352
1106	70-71	-0.4779142573156179
1106	72-73	-0.5671353270017292
1106	74-75	-0.6427815776111885
1106	76-77	-0.8475561667193858
1106	78-79	-0.7235302109967421
1106	80-81	-0.5273980536899643
1106	82-83	-0.6353822618751721
1106	84-85	-0.536897442595901
1106	86-87	-0.6267912741808246
1106	88-89	-0.5420621226874047
1106	90-91	-0.595190745141295
1106	92-93	-0.4996370867334292
1106	94-95	-0.3890821663851938
1106	96-97	-0.4572091208047553
1106	98-99	-0.3276822938183841
1106	100	-0.3008851865606985
1107	1	0.05342052645531581
1107	2	0.05311460431140702
1107	3	-0.03864261787711598
1107	4	0.05137318880600361
1107	5	0.015237169759657831
1107	6	0.10207387478063623
1107	7	0.043036733744131084
1107	8	0.057937886410776684
1107	9	0.045755926324346774
1107	10-11	0.0634366717684145
1107	12-13	-0.001826899943132787
1107	14-15	0.0641520291934583
1107	16-17	0.13422763154631667
1107	18-19	0.16716365071641803
1107	20-21	0.1884579524297081
1107	22-23	0.19592869841739713
1107	24-25	0.13462310563438962
1107	26-27	0.03912140688403554
1107	28-29	0.13159524529952904
1107	30-31	0.09401887974842538
1107	32-33	0.1119115788103997
1107	34-35	0.09796419135468426
1107	36-37	0.10537045616787566
1107	38-39	0.1379195396826134
1107	40-41	0.1590486141259433
1107	42-43	0.06673855370323878
1107	44-45	-0.0046910377817894755
1107	46-47	-0.07482189882231438
1107	48-49	-0.01655907234106735
1107	50-51	-0.030578152389097113
1107	52-53	-0.002562645410264963
1107	54-55	-0.1786540853932621
1107	56-57	-0.14435484765994744
1107	58-59	-0.07761893614296866
1107	60-61	-0.05772146595380434
1107	62-63	-0.09212684765589785
1107	64-65	-0.20274143964913094
1107	66-67	-0.11613349177199694
1107	68-69	-0.18257985471793603
1107	70-71	-0.16042687212866724
1107	72-73	-0.4022880005526943
1107	74-75	-0.4854096390992879
1107	76-77	-0.5944917433649977
1107	78-79	-0.7549038864654563
1107	80-81	-0.49457759225870745
1107	82-83	-0.7459905671924361
1107	84-85	-0.7558660766645104
1107	86-87	-0.8545552684563518
1107	88-89	-0.7740385191743471
1107	90-91	-0.5494248486068543
1107	92-93	-0.6017959814533285
1107	94-95	-0.5187161121571151
1107	96-97	-0.21782339298551534
1107	98-99	-0.3935646926488161
1107	100	-0.33644865653734257
1108	1	0.13744801298712161
1108	2	0.09700086243886119
1108	3	0.21791796933023022
1108	4	0.02797754991134127
1108	5	0.07661878935822841
1108	6	0.08156410512783197
1108	7	0.16840693942822327
1108	8	0.15298013322786375
1108	9	0.0820368923058723
1108	10-11	0.10592098707915198
1108	12-13	0.11656031970049696
1108	14-15	0.10875796340675237
1108	16-17	0.19695699497117403
1108	18-19	0.0974301862621445
1108	20-21	0.17779073924967292
1108	22-23	0.11473601884374318
1108	24-25	0.09411853102827905
1108	26-27	0.19919788573725583
1108	28-29	0.20692570065491367
1108	30-31	0.14737289091285533
1108	32-33	0.10097492252259599
1108	34-35	0.15091513570481396
1108	36-37	0.13561507768987013
1108	38-39	0.24091703606236337
1108	40-41	0.24905938524666027
1108	42-43	0.18679283391787038
1108	44-45	0.23545790361931296
1108	46-47	0.18378803096101848
1108	48-49	0.17942914909404806
1108	50-51	0.11560479579956962
1108	52-53	0.04912212599744947
1108	54-55	0.11605332953710956
1108	56-57	0.1514100501616653
1108	58-59	0.13358502038664
1108	60-61	-0.10896373058738362
1108	62-63	0.0487272815477553
1108	64-65	0.019653626119691125
1108	66-67	0.03785605909848755
1108	68-69	0.034454661800985775
1108	70-71	-0.02616542359486118
1108	72-73	-0.07834704024102024
1108	74-75	-0.017749035917844935
1108	76-77	-0.15325401473951672
1108	78-79	-0.1565503009026017
1108	80-81	-0.1995211939415924
1108	82-83	-0.4725029567547736
1108	84-85	-0.3426883193622743
1108	86-87	-0.18973206084155692
1108	88-89	-0.27070131085258
1108	90-91	-0.20828618378337893
1108	92-93	-0.2610286036523277
1108	94-95	-0.18533108919873342
1108	96-97	-0.12378282869791946
1108	98-99	-0.15690263000726645
1108	100	-0.09896340648799651
1109	1	-0.005208007088345568
1109	2	-0.0040046250069920575
1109	3	-0.031133906294471103
1109	4	-0.016496260994792067
1109	5	-0.004433904796364629
1109	6	0.03788909690290865
1109	7	0.18389399040674448
1109	8	0.07388076410394007
1109	9	0.08429835962347454
1109	10-11	0.04607505689642011
1109	12-13	0.017923970335843364
1109	14-15	-0.03467134660086657
1109	16-17	0.03826986744446259
1109	18-19	-0.053494384822798224
1109	20-21	-0.020989333592453363
1109	22-23	-0.010349840094264096
1109	24-25	-0.04728718199071835
1109	26-27	-0.04885524616239678
1109	28-29	-0.06042228074289824
1109	30-31	-0.11339394507292866
1109	32-33	-0.20088303886917203
1109	34-35	-0.1017427407173912
1109	36-37	-0.10822225063494528
1109	38-39	-0.1402479108726098
1109	40-41	-0.13369265692539756
1109	42-43	-0.1924555402701813
1109	44-45	-0.0889289424648041
1109	46-47	-0.08187227959958676
1109	48-49	-0.16831976606705723
1109	50-51	-0.08944365504939356
1109	52-53	-0.1444671385029892
1109	54-55	-0.20139278891279844
1109	56-57	-0.03779128673954091
1109	58-59	-0.15738322441347918
1109	60-61	-0.01415212193180082
1109	62-63	-0.11495523893015758
1109	64-65	-0.20965025446061958
1109	66-67	-0.15811439531457694
1109	68-69	-0.27970026228722844
1109	70-71	-0.260616447421981
1109	72-73	-0.21440248609230395
1109	74-75	-0.4122664174272117
1109	76-77	-0.21206139865626028
1109	78-79	-0.4489266372592411
1109	80-81	-0.2318944687683384
1109	82-83	-0.6832284833062445
1109	84-85	-0.46391946549874064
1109	86-87	-0.41031819030754235
1109	88-89	-0.4535588919236986
1109	90-91	-0.6694044226603566
1109	92-93	-0.672346171863957
1109	94-95	-0.3287743740260183
1109	96-97	-0.5472476151860448
1109	98-99	-0.2528632904423205
1109	100	-0.24396079735767273
1110	1	0.03035563468270297
1110	2	0.03932093590941932
1110	3	0.13008912014594642
1110	4	0.062303227438498254
1110	5	0.03260816639017605
1110	6	0.11999124484992763
1110	7	0.10449883007238014
1110	8	0.06228957265570756
1110	9	0.13778113340504916
1110	10-11	0.10273483533120498
1110	12-13	0.12959560702943662
1110	14-15	0.11904395840162607
1110	16-17	0.13741036645622984
1110	18-19	0.05798931313638889
1110	20-21	0.04685898180719761
1110	22-23	0.10700763236903299
1110	24-25	0.13843650528796303
1110	26-27	0.13905506958334968
1110	28-29	0.1134129940694848
1110	30-31	0.08324869168017557
1110	32-33	0.09649258530237859
1110	34-35	0.18303663430719297
1110	36-37	0.053485079044882866
1110	38-39	0.1531177496799856
1110	40-41	0.06109263671434917
1110	42-43	0.13651762540576584
1110	44-45	0.10794467280473441
1110	46-47	0.06944664457035543
1110	48-49	-0.10793393613592173
1110	50-51	0.020095203691511188
1110	52-53	0.08602272625151386
1110	54-55	-0.016868741534054266
1110	56-57	-4.904552662949868E-4
1110	58-59	0.047709127955869235
1110	60-61	-0.10257030161508851
1110	62-63	0.09080747767279718
1110	64-65	0.09234054217461107
1110	66-67	0.1759627702104538
1110	68-69	0.14846304721604753
1110	70-71	0.09870557350392772
1110	72-73	0.10284490577321748
1110	74-75	0.23984379854354643
1110	76-77	-0.14090219902116985
1110	78-79	-0.06633006494330829
1110	80-81	0.08204477860549275
1110	82-83	-0.06808622268867026
1110	84-85	-0.02414296424022666
1110	86-87	-0.06460964859582674
1110	88-89	-0.05830270496463896
1110	90-91	-0.14688352591005582
1110	92-93	-0.26157164257306675
1110	94-95	-0.25236955888959045
1110	96-97	-0.19276636458121033
1110	98-99	0.04105830749131201
1110	100	-0.1748581679734329
1111	1	-0.006682929916042468
1111	2	0.06300390165789693
1111	3	0.04721253594581043
1111	4	-0.09090943905803783
1111	5	-0.00736203663274182
1111	6	-0.08286212244131974
1111	7	-0.15481892735483882
1111	8	-0.11119950574770598
1111	9	-0.04912884527080763
1111	10-11	-0.05679704713825373
1111	12-13	-0.13622409326973184
1111	14-15	-0.14367513935716403
1111	16-17	-0.09262234301730388
1111	18-19	-0.03904628064528737
1111	20-21	-0.08429882522082721
1111	22-23	-0.08651588811634525
1111	24-25	-8.877681431371798E-4
1111	26-27	0.03972401262460323
1111	28-29	0.012592137961661365
1111	30-31	0.05866100521324569
1111	32-33	0.018703757288825784
1111	34-35	0.0437932089409756
1111	36-37	0.02332702773298223
1111	38-39	0.08421824344356565
1111	40-41	0.029925114001116526
1111	42-43	-0.00778352323652598
1111	44-45	0.010442232396044915
1111	46-47	0.007649634483009038
1111	48-49	0.14170241049427545
1111	50-51	0.19791750972949984
1111	52-53	0.10335484703139741
1111	54-55	0.13989317654986166
1111	56-57	0.06962600239752703
1111	58-59	0.1215703769697285
1111	60-61	0.06682925865626999
1111	62-63	0.08421002926180421
1111	64-65	0.15061988548795568
1111	66-67	0.23011535524545224
1111	68-69	0.025494261649299688
1111	70-71	-0.04115546502549705
1111	72-73	0.10669069231162354
1111	74-75	0.10252962593465753
1111	76-77	0.22917956670984552
1111	78-79	0.05361093049425136
1111	80-81	-0.012961484012969038
1111	82-83	-0.006216030163464836
1111	84-85	-0.08463022904906836
1111	86-87	-0.11503608168369794
1111	88-89	-0.10955980925569264
1111	90-91	-0.1275146513425156
1111	92-93	-0.25842471490336294
1111	94-95	-0.24178078195959785
1111	96-97	-0.40800789876875143
1111	98-99	-0.3345400256258273
1111	100	-0.38433464806242057
1112	1	-0.07716084563240955
1112	2	-0.028317333293500724
1112	3	-0.046966753496768376
1112	4	-0.0468332935469391
1112	5	0.011666672864436123
1112	6	0.1087294293785348
1112	7	0.041478666943078224
1112	8	0.038924836613595915
1112	9	0.07223949839539756
1112	10-11	-0.01564709871916392
1112	12-13	0.019895054157231584
1112	14-15	0.019230322531626598
1112	16-17	0.02953397771864985
1112	18-19	0.09659384665438608
1112	20-21	0.012963760413498449
1112	22-23	0.03445753922038364
1112	24-25	-0.03485734649604666
1112	26-27	-0.0664546232034482
1112	28-29	-0.017081751403374312
1112	30-31	-0.003226739778185106
1112	32-33	0.042079285080994566
1112	34-35	0.022390071859526017
1112	36-37	-0.07047205595471695
1112	38-39	0.02184914072959998
1112	40-41	0.1522517018131495
1112	42-43	0.09345481874489536
1112	44-45	0.01609651448781335
1112	46-47	0.10292511883202593
1112	48-49	0.007538594429931322
1112	50-51	0.02650393663556372
1112	52-53	-0.03103209804459084
1112	54-55	-0.16134742120204493
1112	56-57	-0.2223702623684929
1112	58-59	-0.11479141132463155
1112	60-61	-0.21621595682101002
1112	62-63	-0.10763436335332699
1112	64-65	0.06093820890812651
1112	66-67	-0.024353999005931826
1112	68-69	-0.16286695530242667
1112	70-71	-0.016950075267715192
1112	72-73	0.07335305386231283
1112	74-75	0.12625269664056304
1112	76-77	0.05913763173541042
1112	78-79	-0.06825442044193153
1112	80-81	0.06857989043938773
1112	82-83	0.0736732327446461
1112	84-85	-0.06868000909691574
1112	86-87	-0.14981209239407178
1112	88-89	-0.2951750112976086
1112	90-91	-0.27385996334620444
1112	92-93	-0.4177966654772618
1112	94-95	-0.2489595758928047
1112	96-97	-0.2770647036748741
1112	98-99	-0.4114029008036013
1112	100	-0.4969578904841043
1113	1	0.012813988471155113
1113	2	-0.029946565288224036
1113	3	-0.004025428539648601
1113	4	-0.035312852425491315
1113	5	-0.09113868049730911
1113	6	-0.08736168965493363
1113	7	-0.16472723887998342
1113	8	-0.03827563200553641
1113	9	-0.18228439000268537
1113	10-11	-0.13798050080261248
1113	12-13	-0.0911047549552535
1113	14-15	-0.1762614035276684
1113	16-17	-0.09325496743977624
1113	18-19	-0.0529712551702346
1113	20-21	-0.09348097111760723
1113	22-23	-0.14072867101969422
1113	24-25	-0.08452138623737682
1113	26-27	-0.05003099083478446
1113	28-29	-0.01763533181566146
1113	30-31	-0.025418064426283138
1113	32-33	-0.03269206928975876
1113	34-35	0.05482143667347117
1113	36-37	-0.11352515870675717
1113	38-39	-0.07354877056192066
1113	40-41	-0.4382340565833047
1113	42-43	-0.28301382096172034
1113	44-45	-0.29866454679026333
1113	46-47	-0.19094499484051397
1113	48-49	-0.046134392126177204
1113	50-51	-0.09184351872440288
1113	52-53	-0.13899119355209422
1113	54-55	-0.03757765017347481
1113	56-57	-0.1268387099515067
1113	58-59	-0.22898519808614992
1113	60-61	-0.1832327553636901
1113	62-63	-0.08060500702567452
1113	64-65	0.06077898514752178
1113	66-67	-0.14402314291339735
1113	68-69	-0.175670534434488
1113	70-71	-0.1568391137332199
1113	72-73	-0.19104440731609174
1113	74-75	-0.302662607576039
1113	76-77	-0.40248081140650527
1113	78-79	-0.2957168031525015
1113	80-81	-0.21999029144762972
1113	82-83	-0.163935821239086
1113	84-85	-0.10231973955173856
1113	86-87	-0.18062488648401143
1113	88-89	-0.42803880210819756
1113	90-91	-0.5446391331567995
1113	92-93	-0.39884435848422584
1113	94-95	-0.6717178307182721
1113	96-97	-0.8117929432487685
1113	98-99	-0.7418989050564591
1113	100	-0.9500576582582312
1114	1	-0.17056124840615894
1114	2	-0.10139198298968921
1114	3	-0.2131526268846713
1114	4	0.004348327846848576
1114	5	-0.024651495269914392
1114	6	-0.16555497555415144
1114	7	-0.11046464516790877
1114	8	-0.07277988737406815
1114	9	-0.08838055077453078
1114	10-11	-0.0867978737274342
1114	12-13	-0.18170953240850451
1114	14-15	-0.0891544738694634
1114	16-17	-0.10220309926298654
1114	18-19	-0.0672301277278109
1114	20-21	-0.13864564156332904
1114	22-23	-0.10474203722696984
1114	24-25	-0.06759256660705404
1114	26-27	-0.06882918521382919
1114	28-29	-0.09123988015959839
1114	30-31	-0.02502110072364161
1114	32-33	-0.23469900321567394
1114	34-35	-0.3651710274271238
1114	36-37	-0.053849717128514385
1114	38-39	-0.07861631662898816
1114	40-41	-0.04653504819236076
1114	42-43	0.08271988663340579
1114	44-45	0.04639274738384813
1114	46-47	0.09883640230700053
1114	48-49	-0.04572147125949044
1114	50-51	-0.0815249426013338
1114	52-53	-0.08896539067744413
1114	54-55	-0.02412164290486629
1114	56-57	-0.2184066262622153
1114	58-59	-0.16297228223589855
1114	60-61	-0.21429054406950598
1114	62-63	-0.31309901536794627
1114	64-65	-0.05606068026303035
1114	66-67	-0.2676258381673122
1114	68-69	-0.02302860832897835
1114	70-71	0.06001350458937793
1114	72-73	-0.0034965358239631428
1114	74-75	-0.13714905269050348
1114	76-77	-0.3646880231836249
1114	78-79	-0.3138272952358747
1114	80-81	-0.34672658064048534
1114	82-83	-0.2217257437237734
1114	84-85	-0.13683625526332577
1114	86-87	-0.15447315360150782
1114	88-89	-0.23950649994147
1114	90-91	-0.09018827298610432
1114	92-93	-0.20552149105391493
1114	94-95	-0.46747797011556
1114	96-97	-0.5647731425139781
1114	98-99	-0.650246897766884
1114	100	-0.8702285056706813
1115	1	-0.0644875049072624
1115	2	0.017412972609776034
1115	3	0.09114250608982388
1115	4	-0.014653511766155702
1115	5	0.0019148557100763242
1115	6	-0.21411260540584465
1115	7	-0.10202366040716981
1115	8	0.03283256748727581
1115	9	-0.002149985945202104
1115	10-11	0.08112431745605875
1115	12-13	0.011649260260298888
1115	14-15	0.0667394417808751
1115	16-17	0.1432795493255128
1115	18-19	-0.1498908099744085
1115	20-21	-0.11418201366480218
1115	22-23	0.01013340280391617
1115	24-25	-0.03822834594433999
1115	26-27	-0.07978726020644444
1115	28-29	-0.06382200411772487
1115	30-31	-0.018259569075482318
1115	32-33	0.09464520881675043
1115	34-35	-0.05051133312084488
1115	36-37	0.01449484692862768
1115	38-39	0.11827512349274372
1115	40-41	-0.024407626603029087
1115	42-43	-0.06415146536859595
1115	44-45	-0.056227804045832386
1115	46-47	-0.006910900729501179
1115	48-49	0.0647424745968408
1115	50-51	0.04277721951172708
1115	52-53	0.09621506173108685
1115	54-55	0.13173243717507432
1115	56-57	0.23469876539366652
1115	58-59	0.1471129985889661
1115	60-61	0.13452816320491934
1115	62-63	0.22572057764606512
1115	64-65	0.2671547247924906
1115	66-67	0.23593092865605314
1115	68-69	0.3174383694821117
1115	70-71	0.3860300043282052
1115	72-73	0.2929440401338894
1115	74-75	0.44799701485281673
1115	76-77	0.6543080023438392
1115	78-79	0.560989311245919
1115	80-81	0.4677640055374326
1115	82-83	0.43424465213369245
1115	84-85	0.4441801195635051
1115	86-87	0.44036017973182595
1115	88-89	0.35165336469935227
1115	90-91	0.2389345495707289
1115	92-93	0.21751785622414133
1115	94-95	0.20035063927327457
1115	96-97	0.1046962086249934
1115	98-99	0.03503840122700552
1115	100	0.09879779398183075
1116	1	0.03465659526320408
1116	2	0.12077704153357516
1116	3	0.11905887112590818
1116	4	0.018401189304192656
1116	5	0.10949982496477872
1116	6	0.1286979382408262
1116	7	0.09108777632479814
1116	8	0.10692974267237787
1116	9	0.13177275134022182
1116	10-11	0.12980436908097914
1116	12-13	0.1293562597071798
1116	14-15	0.17430423979350707
1116	16-17	0.11509789816896188
1116	18-19	0.1593570705248908
1116	20-21	0.19092725585547043
1116	22-23	0.05308387069521814
1116	24-25	0.07743067078848043
1116	26-27	0.1475946833619517
1116	28-29	0.15974282624135583
1116	30-31	0.25565109651728335
1116	32-33	0.12214780461882668
1116	34-35	0.14531394433077338
1116	36-37	0.23879011173278997
1116	38-39	0.22976158488888387
1116	40-41	0.28081021051969657
1116	42-43	0.2246789519328729
1116	44-45	0.21126878825636197
1116	46-47	0.3080800131545729
1116	48-49	0.22226271861840985
1116	50-51	0.3085796927207838
1116	52-53	0.31772258713112933
1116	54-55	0.3871303534171986
1116	56-57	0.37419863115592733
1116	58-59	0.4147017976625733
1116	60-61	0.3654233445552535
1116	62-63	0.3860950071356726
1116	64-65	0.4771671458267406
1116	66-67	0.423414459464432
1116	68-69	0.43155538597556387
1116	70-71	0.5855298959676176
1116	72-73	0.5544719890782659
1116	74-75	0.5112131182061717
1116	76-77	0.7825361547473477
1116	78-79	0.7272552054795156
1116	80-81	0.8004124676257902
1116	82-83	0.759415004677578
1116	84-85	0.6225771721555873
1116	86-87	0.7036462484421406
1116	88-89	0.5087780570038092
1116	90-91	0.6422194408705053
1116	92-93	0.5065614559951257
1116	94-95	0.4277181175122067
1116	96-97	0.4575307598019194
1116	98-99	0.5676606432883773
1116	100	0.287521707383938
1117	1	-0.03092567396529944
1117	2	-0.16321039534220816
1117	3	-0.20257887546286213
1117	4	-0.04297374516988839
1117	5	-0.19804984342700038
1117	6	-0.11125143562930617
1117	7	-0.3560794131269489
1117	8	-0.20874787188653698
1117	9	-0.21940514064049665
1117	10-11	-0.2852909757138349
1117	12-13	-0.27501720319416734
1117	14-15	-0.44058403576054417
1117	16-17	-0.11806018519225603
1117	18-19	-0.1943116189041305
1117	20-21	-0.2874267029315689
1117	22-23	-0.17787479826004216
1117	24-25	-0.21823786788763044
1117	26-27	-0.03358195781942186
1117	28-29	-0.3190420031016643
1117	30-31	-0.27970937203222235
1117	32-33	-0.09116484583281448
1117	34-35	-0.06236594930378914
1117	36-37	-0.05688078357352566
1117	38-39	-0.15833554369647374
1117	40-41	-0.1426314793612633
1117	42-43	-0.007267216491705142
1117	44-45	-0.15503142122306457
1117	46-47	-0.17108535840692696
1117	48-49	-0.10362954888869069
1117	50-51	-0.08554237522507435
1117	52-53	0.15605716584830986
1117	54-55	0.14092291232876164
1117	56-57	-0.05916307933770071
1117	58-59	0.05024624047680959
1117	60-61	0.16773377766782005
1117	62-63	0.08212970187404522
1117	64-65	-0.03522046299735848
1117	66-67	0.033074229548013534
1117	68-69	0.2501607743533967
1117	70-71	0.3955825020239274
1117	72-73	0.44836399992690446
1117	74-75	0.37850273745364404
1117	76-77	0.6846883865600617
1117	78-79	0.47900697619254373
1117	80-81	0.28508951520090164
1117	82-83	0.5621544694604381
1117	84-85	0.22996786441606787
1117	86-87	0.21247773799203884
1117	88-89	0.39958263233707925
1117	90-91	0.1179440787715933
1117	92-93	0.18673399417620118
1117	94-95	0.23667048076775643
1117	96-97	-0.16944111927966787
1117	98-99	-0.02816817123628823
1117	100	-0.32759833918021997
1118	1	0.017630732746386713
1118	2	0.02974771833828882
1118	3	0.03956528842761742
1118	4	0.019970024387127694
1118	5	0.0598893680301984
1118	6	0.08356306023582505
1118	7	0.07024803600049978
1118	8	0.05440076196198618
1118	9	0.012342124818864875
1118	10-11	-0.05807260271537018
1118	12-13	-0.09791247755072874
1118	14-15	-0.0032711310059028165
1118	16-17	0.012274311357103329
1118	18-19	0.05991371453266936
1118	20-21	-0.0025911240172575845
1118	22-23	0.02465900751082728
1118	24-25	0.010352656936952087
1118	26-27	0.018982018987763638
1118	28-29	-0.014592058111567496
1118	30-31	-0.015726910463506272
1118	32-33	0.09083182253878164
1118	34-35	0.20170590132868682
1118	36-37	0.20165378577595305
1118	38-39	0.11544528079321736
1118	40-41	0.09038386351424066
1118	42-43	0.16009080479435767
1118	44-45	0.14737803277813555
1118	46-47	0.17017025146213172
1118	48-49	0.23266299306693838
1118	50-51	0.2669253999431902
1118	52-53	0.28600639850259313
1118	54-55	0.2314639368159277
1118	56-57	0.2599427223600017
1118	58-59	0.38356716031225346
1118	60-61	0.4659280324574766
1118	62-63	0.34884702333341977
1118	64-65	0.4904259127379049
1118	66-67	0.5221515689956817
1118	68-69	0.6475927483107071
1118	70-71	0.731090172362876
1118	72-73	0.7492941688636208
1118	74-75	0.8023060146349081
1118	76-77	0.9486884289678983
1118	78-79	0.8792229294795391
1118	80-81	0.8599318303681542
1118	82-83	0.9564304749144199
1118	84-85	0.8234282733612375
1118	86-87	0.8255459944417183
1118	88-89	0.7351636106175263
1118	90-91	0.8434900002054988
1118	92-93	0.8368829724844389
1118	94-95	0.7761586342370776
1118	96-97	0.7667976912363912
1118	98-99	0.7857003222458658
1118	100	0.4117487636920103
1119	1	-0.040778896982438084
1119	2	-0.05487784151887709
1119	3	0.025808359350271814
1119	4	-0.022935164372128725
1119	5	-0.0027010533382707536
1119	6	0.041334759987464054
1119	7	0.10896540409540734
1119	8	0.06421548114046516
1119	9	-0.018922572015085848
1119	10-11	0.04783308859725821
1119	12-13	0.03995094834577628
1119	14-15	-0.0029621933261623212
1119	16-17	0.06132481110050492
1119	18-19	0.0650648674137102
1119	20-21	0.08578356105752505
1119	22-23	0.07215512931212942
1119	24-25	0.10317276767299433
1119	26-27	0.07027813337246869
1119	28-29	0.10066051166209178
1119	30-31	0.09879926106442838
1119	32-33	0.1617426329412055
1119	34-35	0.124433582688944
1119	36-37	0.2104440464994468
1119	38-39	0.22610963278670937
1119	40-41	0.26154155691372694
1119	42-43	0.27999404337150935
1119	44-45	0.30252379400306495
1119	46-47	0.2861341924777534
1119	48-49	0.21197414820689175
1119	50-51	0.2487055273859795
1119	52-53	0.3680448885879386
1119	54-55	0.23516513985101994
1119	56-57	0.3435827078451723
1119	58-59	0.4087114488360726
1119	60-61	0.5659063837182714
1119	62-63	0.5006945406200316
1119	64-65	0.5762414087440391
1119	66-67	0.669539011345222
1119	68-69	0.6862665079859269
1119	70-71	0.6949898076123304
1119	72-73	0.7539416132936267
1119	74-75	0.7248328432562161
1119	76-77	1.213859831571348
1119	78-79	1.126329109018151
1119	80-81	0.9793572649685345
1119	82-83	0.9534675548701088
1119	84-85	0.9415229997171934
1119	86-87	0.8947089918644195
1119	88-89	0.8433869367031903
1119	90-91	0.8964120966158404
1119	92-93	0.9065017780729292
1119	94-95	0.704693538156711
1119	96-97	0.8215450622306051
1119	98-99	0.7721250584217643
1119	100	0.7083889128702481
1120	1	0.06650079593421054
1120	2	0.043289433046464154
1120	3	0.11171549071983122
1120	4	0.04765692191990212
1120	5	0.03048776723665725
1120	6	0.07085989987456998
1120	7	0.10656792382233249
1120	8	0.06960717135810768
1120	9	0.10745075970971385
1120	10-11	0.043819202044026895
1120	12-13	0.10660631461008307
1120	14-15	0.12550817126948743
1120	16-17	0.04542887873214596
1120	18-19	0.00439769790640554
1120	20-21	0.08533748275704056
1120	22-23	0.10931678012984491
1120	24-25	0.1729390791703409
1120	26-27	0.22751376141389557
1120	28-29	0.19653707467471548
1120	30-31	0.23541320433785273
1120	32-33	0.21807702290430342
1120	34-35	0.2490765619966382
1120	36-37	0.2556114547209276
1120	38-39	0.2198917586988287
1120	40-41	0.3038847818675734
1120	42-43	0.24085473536818114
1120	44-45	0.25938082633543047
1120	46-47	0.3416432910991105
1120	48-49	0.21828495682356674
1120	50-51	0.2563332989751501
1120	52-53	0.3461203353598066
1120	54-55	0.31488976357402976
1120	56-57	0.3607537287244611
1120	58-59	0.34479964076599146
1120	60-61	0.4793780897098685
1120	62-63	0.4870337970947176
1120	64-65	0.6079767466765276
1120	66-67	0.6364063828763449
1120	68-69	0.7725860618942377
1120	70-71	0.7883018759585951
1120	72-73	0.8785924022255855
1120	74-75	0.8591301544620791
1120	76-77	1.2715011807501355
1120	78-79	1.3232016296948714
1120	80-81	1.0160389214032293
1120	82-83	1.0457912594821508
1120	84-85	1.0374251857351524
1120	86-87	1.1125503165135555
1120	88-89	1.0885296293232969
1120	90-91	1.100283156297813
1120	92-93	1.0912173541602712
1120	94-95	0.9923133721925339
1120	96-97	0.8384803812117312
1120	98-99	0.8045500233658487
1120	100	0.9448288577149668
1121	1	-0.006783339845835457
1121	2	-0.05942581853786422
1121	3	0.06079431894030307
1121	4	0.08024375290573715
1121	5	0.0480715698918317
1121	6	0.04566794765266735
1121	7	0.010191035025385986
1121	8	-0.07464868331533836
1121	9	-0.08683420323042412
1121	10-11	-0.0060500115538388854
1121	12-13	-0.030264281540134164
1121	14-15	-0.11104709347018371
1121	16-17	-0.06669103198522208
1121	18-19	0.004612742955686144
1121	20-21	-0.02052583456288204
1121	22-23	-0.0035796980907321085
1121	24-25	0.01408331665572149
1121	26-27	0.036136501618820205
1121	28-29	0.08785867093899213
1121	30-31	0.13874775081664126
1121	32-33	0.002654069738802889
1121	34-35	0.12097833983836637
1121	36-37	0.0916348131115825
1121	38-39	0.07939624416395219
1121	40-41	0.20549723620250404
1121	42-43	0.16510263334293285
1121	44-45	0.13369211590622854
1121	46-47	0.08225322965875392
1121	48-49	0.11573465172966735
1121	50-51	0.3057955620484307
1121	52-53	0.26340014584563676
1121	54-55	0.18109019155203043
1121	56-57	0.24411639520403128
1121	58-59	0.31639342322832675
1121	60-61	0.38531070676040713
1121	62-63	0.419600366610581
1121	64-65	0.3146945347321406
1121	66-67	0.4454540976128669
1121	68-69	0.5927785625389106
1121	70-71	0.5177280801811222
1121	72-73	0.6347551783557108
1121	74-75	0.6121833617557755
1121	76-77	1.1327618249541729
1121	78-79	1.060541716964856
1121	80-81	0.6736368812704967
1121	82-83	0.9008874542397649
1121	84-85	0.8528356458680264
1121	86-87	0.914548131874291
1121	88-89	1.0420292582826747
1121	90-91	0.8673901700493047
1121	92-93	0.7252602794936891
1121	94-95	0.8822437945320374
1121	96-97	0.9156728898458297
1121	98-99	0.7890525380362163
1121	100	0.7623676540049473
1122	1	0.09485612249756414
1122	2	0.03662497399068698
1122	3	0.02545151654081934
1122	4	0.09421602343140734
1122	5	0.026538588566367594
1122	6	0.0028778851317667886
1122	7	0.1218749053273811
1122	8	0.10744399767276036
1122	9	0.029712550539123583
1122	10-11	0.08283363547381839
1122	12-13	0.08887478830222761
1122	14-15	0.08585503039462594
1122	16-17	0.04666256410754244
1122	18-19	0.12891956569643526
1122	20-21	0.09668689384547235
1122	22-23	0.15220291917086115
1122	24-25	0.14171224345403033
1122	26-27	0.08051261739453253
1122	28-29	0.05826781793292923
1122	30-31	0.24047184353475615
1122	32-33	0.1656432316017984
1122	34-35	0.16692384247468084
1122	36-37	0.1639772873768024
1122	38-39	0.158754802116853
1122	40-41	0.255935875264349
1122	42-43	0.2428806722204584
1122	44-45	0.2276258506634008
1122	46-47	0.3337751928586741
1122	48-49	0.26476761347264954
1122	50-51	0.3445691725607176
1122	52-53	0.2911107401041164
1122	54-55	0.343722739406509
1122	56-57	0.4534851947945313
1122	58-59	0.5166279532385616
1122	60-61	0.45021871337281993
1122	62-63	0.4983332004373935
1122	64-65	0.5756785612171882
1122	66-67	0.5233549314178774
1122	68-69	0.7581808607729457
1122	70-71	0.6739592639710494
1122	72-73	0.773474749734369
1122	74-75	0.8510760720665189
1122	76-77	0.900082976451742
1122	78-79	1.1639253185270988
1122	80-81	1.070101983756686
1122	82-83	1.087696618364113
1122	84-85	1.0094553290541413
1122	86-87	0.9342916362801716
1122	88-89	0.9567743514237677
1122	90-91	0.829572248469141
1122	92-93	0.9329100352405604
1122	94-95	0.740475486274498
1122	96-97	0.8614025765125106
1122	98-99	0.5896470068196962
1122	100	0.630301230569728
1123	1	0.0043867319669743665
1123	2	0.11604056723736988
1123	3	-0.4878025488552282
1123	4	0.05650643939380018
1123	5	-0.04232446052924388
1123	6	0.03092280362956501
1123	7	-0.2715718899554034
1123	8	-0.06707952042481224
1123	9	0.02711497131975449
1123	10-11	-0.024941616609879702
1123	12-13	0.013060737671779066
1123	14-15	0.29389450893594216
1123	16-17	-0.09172167167570677
1123	18-19	-0.05095308103668117
1123	20-21	0.11653593505314319
1123	22-23	0.08512485579537099
1123	24-25	0.2762234245074353
1123	26-27	0.05529210487291891
1123	28-29	0.08083489453917281
1123	30-31	-0.031700350516267406
1123	32-33	0.34425448842603146
1123	34-35	-0.008074214683723824
1123	36-37	-0.02232810789432449
1123	38-39	-0.18929264207502428
1123	40-41	0.09785122565582327
1123	42-43	0.10516477394764223
1123	44-45	0.12924472342670157
1123	46-47	0.22590717008857553
1123	48-49	0.5796240374783963
1123	50-51	-0.05278322004870972
1123	52-53	0.2480685415845585
1123	54-55	0.4348288962715401
1123	56-57	0.2584423551372552
1123	58-59	0.4279921194680867
1123	60-61	0.19249397517072708
1123	62-63	0.22428956421505575
1123	64-65	0.1538580214957932
1123	66-67	0.5238527845779188
1123	68-69	0.7708132168569577
1123	70-71	0.5265306148288147
1123	72-73	0.7314666286564773
1123	74-75	1.1461703970261965
1123	76-77	0.8134215554573956
1123	78-79	1.2993287495853565
1123	80-81	1.0821840299574603
1123	82-83	1.430545018434053
1123	84-85	1.1476379950213769
1123	86-87	1.1139792273508746
1123	88-89	1.0282223512683402
1123	90-91	1.2994742321104127
1123	92-93	0.9816301883364744
1123	94-95	0.41301730593993824
1123	96-97	0.4299465138753007
1123	98-99	0.23207381026241336
1123	100	0.8628661700502107
>>END_MODULE
>>Per sequence quality scores	pass
#Quality	Count
26	3.0
27	85.0
28	1010.0
29	5031.0
30	12218.0
31	20616.0
32	29369.0
33	40558.0
34	53411.0
35	68442.0
36	88951.0
37	118144.0
38	162462.0
39	246424.0
40	468619.0
41	684657.0
>>END_MODULE
>>Per base sequence content	fail
#Base	G	A	T	C
1	26.68235	12.61645	15.91165	44.78955
2	25.807338711008065	20.24098036147054	33.2887499331249	20.662930994396493
3	24.816650000000003	24.04925	24.55975	26.574350000000003
4	25.45075	29.38705	18.82285	26.33935
5	25.565500000000004	32.3486	21.29535	20.79055
6	20.48595	34.6518	21.78465	23.0776
7	19.2561	15.7753	41.15985	23.80875
8	22.579250000000002	21.04465	27.190900000000003	29.185200000000002
9	22.2529	19.65055	29.6493	28.44725
10-11	24.399475000000002	29.799674999999997	20.818175	24.982675
12-13	23.626050000000003	22.849175	27.87955	25.645225
14-15	23.55815	25.035899999999998	26.563525	24.842425000000002
16-17	24.83675	24.8506	25.392825000000002	24.919825
18-19	24.602	25.1708	25.15995	25.06725
20-21	24.67295	25.284675	25.178275	24.8641
22-23	24.522550000000003	25.464825	25.2359	24.776725
24-25	24.419707082026335	25.615546284670188	25.190305674191887	24.774440959111597
26-27	24.387025	25.77475	25.193975000000002	24.64425
28-29	24.5369	25.22675	25.398575	24.837775
30-31	24.235225	25.454725	25.390625	24.919425
32-33	24.405503723390826	25.742584405983727	25.381032869389696	24.470879001235755
34-35	24.560675	25.5144	25.15995	24.764975
36-37	24.3402	25.530775	25.395525000000003	24.7335
38-39	24.48384129824617	25.563721427676782	25.371020512347435	24.581416761729617
40-41	24.58335	25.401175	25.3629	24.652575
42-43	24.5858	25.19385	25.378650000000004	24.8417
44-45	24.55075	25.432175	25.34295	24.674125
46-47	24.587725	25.583425	25.256974999999997	24.571875000000002
48-49	24.54215	25.298900000000003	25.4124	24.74655
50-51	24.532625	25.338075	25.46355	24.66575
52-53	24.70185	25.325300000000002	25.3898	24.58305
54-55	24.3503	25.471474999999998	25.4853	24.692925
56-57	24.55615	25.535425	25.41545	24.492975
58-59	24.488625	25.572675	25.457600000000003	24.4811
60-61	24.29485	25.480199999999996	25.61715	24.607799999999997
62-63	24.641550000000002	25.387575000000002	25.5907	24.380175
64-65	24.543599999999998	25.575525	25.409575	24.471300000000003
66-67	24.501025000000002	25.4914	25.523249999999997	24.484325000000002
68-69	24.543799999999997	25.605875	25.447525	24.4028
70-71	24.631725	25.5552	25.390275000000003	24.4228
72-73	24.483575	25.523925	25.499775000000003	24.492725
74-75	24.442625	25.526875	25.503425	24.527075
76-77	24.4275	25.65035	25.481900000000003	24.44025
78-79	24.193825	25.63035	25.606	24.569825
80-81	24.467375	25.613200000000003	25.5058	24.413625
82-83	24.498075	25.66545	25.435200000000002	24.401275
84-85	24.364625	25.67855	25.445400000000003	24.511425
86-87	24.45165	25.675925	25.608375	24.26405
88-89	24.48655	25.66335	25.584875	24.265225
90-91	24.4253	25.6321	25.56615	24.37645
92-93	24.564	25.601750000000003	25.517649999999996	24.3166
94-95	24.6503	25.578849999999996	25.39895	24.3719
96-97	24.60895	25.612275	25.426625	24.35215
98-99	24.431175	26.0421	25.33475	24.191975
100	24.53185	25.8334	25.2488	24.38595
>>END_MODULE
>>Per sequence GC content	warn
#GC Content	Count
0	48.0
1	39.5
2	18.0
3	4.5
4	4.5
5	4.0
6	3.0
7	4.0
8	9.0
9	20.0
10	20.5
11	16.5
12	25.0
13	30.5
14	37.0
15	52.0
16	87.0
17	136.0
18	190.0
19	284.0
20	416.0
21	534.5
22	731.0
23	1015.0
24	1307.0
25	1711.0
26	2230.0
27	2875.0
28	3620.5
29	4495.5
30	5685.0
31	6937.0
32	8472.0
33	10295.5
34	12156.0
35	14253.0
36	16682.5
37	19709.0
38	23953.0
39	29203.0
40	35956.0
41	42752.5
42	49646.0
43	58967.5
44	69355.5
45	77908.0
46	84889.5
47	94387.5
48	105187.5
49	114315.0
50	119136.5
51	121335.5
52	120739.0
53	116868.0
54	111681.0
55	100681.5
56	86945.5
57	74362.0
58	61529.0
59	49669.5
60	38833.5
61	29245.0
62	21845.5
63	16050.5
64	10971.5
65	7050.0
66	4564.0
67	2829.0
68	1766.0
69	1103.0
70	679.0
71	427.5
72	284.0
73	215.5
74	180.0
75	118.5
76	78.0
77	57.5
78	49.5
79	33.5
80	11.0
81	3.0
82	1.5
83	0.5
84	0.0
85	0.0
86	0.0
87	0.0
88	0.0
89	0.0
90	0.0
91	0.0
92	0.0
93	0.0
94	0.0
95	0.0
96	0.0
97	0.0
98	0.0
99	0.0
100	0.0
>>END_MODULE
>>Per base N content	pass
#Base	N-Count
1	0.0
2	1.5000000000000001E-4
3	0.0
4	0.0
5	0.0
6	0.0
7	0.0
8	0.0
9	0.0
10-11	0.0
12-13	0.0
14-15	0.0
16-17	0.0
18-19	0.0
20-21	0.0
22-23	0.0
24-25	0.009550000000000001
26-27	0.0
28-29	0.0
30-31	0.0
32-33	4.25E-4
34-35	0.0
36-37	0.0
38-39	4.7500000000000005E-4
40-41	0.0
42-43	0.0
44-45	0.0
46-47	0.0
48-49	0.0
50-51	0.0
52-53	0.0
54-55	0.0
56-57	0.0
58-59	0.0
60-61	0.0
62-63	0.0
64-65	0.0
66-67	0.0
68-69	0.0
70-71	0.0
72-73	0.0
74-75	0.0
76-77	0.0
78-79	0.0
80-81	0.0
82-83	0.0
84-85	0.0
86-87	0.0
88-89	0.0
90-91	0.0
92-93	0.0
94-95	0.0
96-97	0.0
98-99	0.0
100	0.0
>>END_MODULE
>>Sequence Length Distribution	pass
#Length	Count
100	2000000.0
>>END_MODULE
>>Sequence Duplication Levels	pass
#Total Deduplicated Percentage	77.51845100410787
#Duplication Level	Percentage of deduplicated	Percentage of total
1	88.96466313673382	68.96402880461862
2	7.718484035828559	11.966498531147298
3	1.594500448105977	3.7080961458759365
4	0.5838661884938001	1.8104161010284743
5	0.3118458000836261	1.2086901687309692
6	0.17913871797448414	0.833193355934625
7	0.12195272404919183	0.6617510384817336
8	0.08339992775822837	0.517202657093789
9	0.06160825757331934	0.4298199026531232
>10	0.32574504125226195	4.738960318006924
>50	0.031817283431969164	1.7215248074065732
>100	0.022382854611319725	3.1362842401325737
>500	5.955841034294003E-4	0.30353392888937697
>1k	0.0	0.0
>5k	0.0	0.0
>10k+	0.0	0.0
>>END_MODULE
>>Overrepresented sequences	pass
>>END_MODULE
>>Adapter Content	pass
#Position	Illumina Universal Adapter	Illumina Small RNA 3' Adapter	Illumina Small RNA 5' Adapter	Nextera Transposase Sequence	SOLID Small RNA Adapter
1	0.0	0.0	0.0	0.0	0.0
2	0.0	0.0	0.0	0.0	0.0
3	0.0	0.0	0.0	0.0	0.0
4	5.0E-5	0.0	0.0	0.0	0.0
5	5.0E-5	0.0	0.0	0.0	0.0
6	5.0E-5	0.0	0.0	0.0	0.0
7	5.0E-5	0.0	0.0	0.0	0.0
8	1.0E-4	0.0	0.0	0.0	0.0
9	1.0E-4	0.0	0.0	0.0	0.0
10-11	1.0E-4	0.0	0.0	2.5E-5	5.0E-5
12-13	1.0E-4	0.0	0.0	5.0E-5	5.0E-5
14-15	1.25E-4	0.0	0.0	5.0E-5	5.0E-5
16-17	2.0E-4	0.0	0.0	5.0E-5	5.0E-5
18-19	2.25E-4	0.0	0.0	5.0E-5	7.500000000000001E-5
20-21	2.5E-4	0.0	0.0	5.0E-5	1.5E-4
22-23	3.0E-4	0.0	0.0	5.0E-5	1.5E-4
24-25	3.5E-4	0.0	0.0	5.0E-5	1.75E-4
26-27	4.0E-4	0.0	0.0	5.0E-5	2.0E-4
28-29	5.0E-4	0.0	0.0	5.0E-5	2.0E-4
30-31	5.5E-4	0.0	5.0E-5	1.0E-4	2.25E-4
32-33	5.5E-4	0.0	5.0E-5	1.0E-4	2.5E-4
34-35	5.5E-4	0.0	5.0E-5	1.0E-4	2.5E-4
36-37	5.5E-4	0.0	5.0E-5	1.5E-4	2.5E-4
38-39	5.5E-4	0.0	1.5E-4	1.5E-4	2.5E-4
40-41	6.0E-4	0.0	1.5E-4	1.5E-4	2.7499999999999996E-4
42-43	6.0E-4	0.0	1.5E-4	1.5E-4	3.0E-4
44-45	6.0E-4	0.0	1.5E-4	1.5E-4	3.5E-4
46-47	6.0E-4	0.0	1.5E-4	1.5E-4	4.0E-4
48-49	6.0E-4	0.0	1.5E-4	1.5E-4	6.0E-4
50-51	6.0E-4	0.0	1.5E-4	1.5E-4	6.5E-4
52-53	6.0E-4	0.0	1.5E-4	1.5E-4	6.5E-4
54-55	6.0E-4	0.0	1.5E-4	1.5E-4	6.5E-4
56-57	6.0E-4	0.0	1.5E-4	1.5E-4	7.0E-4
58-59	6.0E-4	0.0	1.5E-4	1.5E-4	7.750000000000001E-4
60-61	6.5E-4	0.0	1.5E-4	1.5E-4	8.500000000000001E-4
62-63	7.0E-4	0.0	1.5E-4	1.5E-4	0.0011
64-65	7.0E-4	0.0	1.5E-4	1.5E-4	0.0011
66-67	7.0E-4	0.0	1.5E-4	1.5E-4	0.0011
68-69	7.25E-4	0.0	1.5E-4	1.5E-4	0.0011250000000000001
70-71	7.5E-4	0.0	1.5E-4	1.5E-4	0.00135
72-73	7.5E-4	0.0	1.5E-4	1.5E-4	0.00135
74-75	7.5E-4	0.0	1.5E-4	1.5E-4	0.00145
76-77	7.5E-4	0.0	1.5E-4	1.5E-4	0.001575
78-79	7.5E-4	0.0	1.5E-4	1.5E-4	0.0016
80-81	7.5E-4	0.0	1.5E-4	1.5E-4	0.0016
82-83	7.5E-4	0.0	1.5E-4	1.5E-4	0.0016
84-85	0.016525	0.0	1.5E-4	1.5E-4	0.0016749999999999998
86-87	0.085375	0.0	1.75E-4	1.5E-4	0.0017
88-89	0.16647499999999998	0.0	2.5E-4	2.25E-4	0.001725
>>END_MODULE
