##FastQC	0.11.7
>>Basic Statistics	pass
#Measure	Value
Filename	220_L8_2.fq.gz
File type	Conventional base calls
Encoding	Sanger / Illumina 1.9
Total Sequences	2000000
Sequences flagged as poor quality	0
Sequence length	100
%GC	49
>>END_MODULE
>>Per base sequence quality	pass
#Base	Mean	Median	Lower Quartile	Upper Quartile	10th Percentile	90th Percentile
1	29.7000975	32.0	32.0	32.0	27.0	32.0
2	30.8228975	32.0	32.0	32.0	27.0	32.0
3	34.856719	37.0	37.0	37.0	32.0	37.0
4	35.6026185	37.0	37.0	37.0	32.0	37.0
5	36.0038955	37.0	37.0	37.0	32.0	37.0
6	39.5637585	42.0	37.0	42.0	32.0	42.0
7	39.1239665	42.0	37.0	42.0	32.0	42.0
8	39.480945	42.0	37.0	42.0	32.0	42.0
9	39.7518585	42.0	42.0	42.0	37.0	42.0
10-11	39.9714755	42.0	42.0	42.0	37.0	42.0
12-13	39.864949499999994	42.0	42.0	42.0	37.0	42.0
14-15	40.14328225	42.0	42.0	42.0	37.0	42.0
16-17	40.174414999999996	42.0	42.0	42.0	37.0	42.0
18-19	40.108658250000005	42.0	42.0	42.0	37.0	42.0
20-21	40.12544725	42.0	42.0	42.0	37.0	42.0
22-23	40.1928375	42.0	42.0	42.0	37.0	42.0
24-25	40.100301	42.0	42.0	42.0	37.0	42.0
26-27	40.11176725	42.0	42.0	42.0	37.0	42.0
28-29	40.078425249999995	42.0	42.0	42.0	37.0	42.0
30-31	39.974682	42.0	42.0	42.0	37.0	42.0
32-33	39.914244	42.0	42.0	42.0	37.0	42.0
34-35	39.93476275	42.0	42.0	42.0	37.0	42.0
36-37	39.86514925	42.0	42.0	42.0	37.0	42.0
38-39	39.866237	42.0	42.0	42.0	37.0	42.0
40-41	39.9293465	42.0	42.0	42.0	37.0	42.0
42-43	39.945749	42.0	42.0	42.0	37.0	42.0
44-45	39.8309105	42.0	42.0	42.0	37.0	42.0
46-47	39.654610500000004	42.0	42.0	42.0	32.0	42.0
48-49	39.55150825	42.0	42.0	42.0	32.0	42.0
50-51	39.64212175	42.0	42.0	42.0	32.0	42.0
52-53	39.57148525	42.0	42.0	42.0	32.0	42.0
54-55	39.5232785	42.0	39.5	42.0	32.0	42.0
56-57	39.398323	42.0	37.0	42.0	32.0	42.0
58-59	39.439053	42.0	37.0	42.0	32.0	42.0
60-61	39.36842025	42.0	37.0	42.0	32.0	42.0
62-63	39.2661495	42.0	37.0	42.0	32.0	42.0
64-65	39.328224750000004	42.0	37.0	42.0	32.0	42.0
66-67	39.2857235	42.0	37.0	42.0	32.0	42.0
68-69	39.30988675	42.0	37.0	42.0	32.0	42.0
70-71	39.14059575	42.0	37.0	42.0	32.0	42.0
72-73	39.12340125	42.0	37.0	42.0	32.0	42.0
74-75	39.09781075	42.0	37.0	42.0	32.0	42.0
76-77	38.31143975	42.0	37.0	42.0	32.0	42.0
78-79	38.5600585	42.0	37.0	42.0	32.0	42.0
80-81	39.08842425	42.0	37.0	42.0	32.0	42.0
82-83	39.0633165	42.0	37.0	42.0	32.0	42.0
84-85	39.0340445	42.0	37.0	42.0	32.0	42.0
86-87	39.1411875	42.0	37.0	42.0	32.0	42.0
88-89	38.9171255	42.0	37.0	42.0	32.0	42.0
90-91	38.65718475	42.0	37.0	42.0	32.0	42.0
92-93	38.58338425	42.0	37.0	42.0	32.0	42.0
94-95	38.59247925	42.0	37.0	42.0	32.0	42.0
96-97	38.5705815	42.0	37.0	42.0	32.0	42.0
98-99	38.55511975	42.0	37.0	42.0	32.0	42.0
100	38.383424	42.0	37.0	42.0	32.0	42.0
>>END_MODULE
>>Per tile sequence quality	pass
#Tile	Base	Mean
1101	1	0.3380908093810504
1101	2	0.029725168669962443
1101	3	0.04444000725492003
1101	4	-0.15517216191560124
1101	5	-0.014915521779727214
1101	6	0.1479986429344038
1101	7	0.16412277582354307
1101	8	0.03722030100920648
1101	9	0.11867622637064557
1101	10-11	-0.0788551366797563
1101	12-13	-0.1509983146327869
1101	14-15	-0.1183167492612256
1101	16-17	-0.18125223428420867
1101	18-19	-0.14700048622574968
1101	20-21	-0.34747470564924754
1101	22-23	-0.27753355433083726
1101	24-25	-0.07997487103103396
1101	26-27	0.0033949081311561713
1101	28-29	-0.0459229626680866
1101	30-31	-0.0632898618710982
1101	32-33	0.030600081560123726
1101	34-35	-0.17643344605661326
1101	36-37	-0.007357286806417562
1101	38-39	0.05023470495805782
1101	40-41	-0.0838870178550124
1101	42-43	-0.025298006065213485
1101	44-45	0.04696997305604356
1101	46-47	0.15313399777819114
1101	48-49	-0.07563611437569051
1101	50-51	0.02104060169764921
1101	52-53	-0.08829087360473409
1101	54-55	-0.1018756724663561
1101	56-57	-0.030003595175735143
1101	58-59	-0.016399719385304934
1101	60-61	0.03545910190190682
1101	62-63	0.013695787442337348
1101	64-65	-0.06509244632378852
1101	66-67	-0.061098341339715034
1101	68-69	-0.0900532102103071
1101	70-71	-0.03383601817957782
1101	72-73	-0.03119187882943919
1101	74-75	-0.012447734383712827
1101	76-77	-0.16811014275693736
1101	78-79	-0.06900110474210663
1101	80-81	-0.06605170016054274
1101	82-83	-0.11822309204367087
1101	84-85	-0.19682928980397207
1101	86-87	-0.046164416898221816
1101	88-89	-0.14541099384170053
1101	90-91	-0.44665834977532626
1101	92-93	-0.28258083689741653
1101	94-95	-0.12973632249995148
1101	96-97	-0.06206643279363533
1101	98-99	-0.225676496766809
1101	100	-0.14396609383873482
1102	1	0.0979831105381308
1102	2	0.07085481388941162
1102	3	-0.04374006836302158
1102	4	-0.12867040674932895
1102	5	-0.06785321713165615
1102	6	-0.11694009414764395
1102	7	0.10655626971355048
1102	8	0.006360652196249816
1102	9	-0.09826508788410848
1102	10-11	-0.14071962453976283
1102	12-13	-0.14761634813770996
1102	14-15	-0.21492849922564972
1102	16-17	-0.0782449694461107
1102	18-19	-0.28952349553784984
1102	20-21	-0.36487362504848164
1102	22-23	-0.18375433551709364
1102	24-25	-0.10392763931107396
1102	26-27	-0.18011664907795222
1102	28-29	-0.23790594993212721
1102	30-31	-0.18994497707554814
1102	32-33	-0.2614363218053626
1102	34-35	-0.3223453942309007
1102	36-37	-0.08126595616599985
1102	38-39	-0.1887762777816704
1102	40-41	-0.23352945876980868
1102	42-43	-0.16052231664689032
1102	44-45	-0.16410112870891425
1102	46-47	-0.24052117617675606
1102	48-49	-0.015384445963533722
1102	50-51	-0.14656594085767694
1102	52-53	-0.09793199533645947
1102	54-55	-0.023215413008600194
1102	56-57	0.04203374050857889
1102	58-59	-0.11634176984353672
1102	60-61	-0.17985095477851587
1102	62-63	-0.1537518684426331
1102	64-65	-0.0442341074828434
1102	66-67	0.018912771195772393
1102	68-69	-0.09761633426169425
1102	70-71	-0.10877335398003396
1102	72-73	-0.25332567627172153
1102	74-75	-0.10574726555309155
1102	76-77	-0.04020639714605778
1102	78-79	-0.035934887959321316
1102	80-81	0.06568227387766257
1102	82-83	-0.01234406898083762
1102	84-85	-0.06347696568092687
1102	86-87	0.07743771059885773
1102	88-89	0.004560477923277517
1102	90-91	0.07220095414375294
1102	92-93	-0.006323617183468855
1102	94-95	0.17210932034529236
1102	96-97	-0.19492218901533676
1102	98-99	0.09567895863388998
1102	100	0.03348471823378674
1103	1	0.37958994350796615
1103	2	0.21158760202387938
1103	3	0.18043000319268998
1103	4	0.031372355246979566
1103	5	-0.057456225546800965
1103	6	-0.026204902743614866
1103	7	0.08245784876580586
1103	8	0.045451000395672736
1103	9	0.05863303254307084
1103	10-11	0.0020643445181605102
1103	12-13	-0.10492445940778339
1103	14-15	-0.06242219768314072
1103	16-17	-0.183449891959377
1103	18-19	0.02778281887353984
1103	20-21	-0.12922808794320417
1103	22-23	-0.1303170582679698
1103	24-25	-0.15326019773463173
1103	26-27	-0.19101727800936175
1103	28-29	-0.13795290819909667
1103	30-31	0.010431275411718843
1103	32-33	-0.019945790108792494
1103	34-35	-0.07719678151922693
1103	36-37	-0.1632538905955485
1103	38-39	-0.19926151526443903
1103	40-41	-0.1667809150624393
1103	42-43	-0.18270951722669793
1103	44-45	-0.1132254011991023
1103	46-47	-0.05526697082149923
1103	48-49	-0.11722147743880384
1103	50-51	-0.1891608115629353
1103	52-53	-0.11973450691130694
1103	54-55	-0.0436353425090914
1103	56-57	-0.1064573765365111
1103	58-59	-0.004414030565641269
1103	60-61	-0.15243301293239142
1103	62-63	-0.09196193333553992
1103	64-65	-0.17966455389151292
1103	66-67	-0.11822785031674243
1103	68-69	-0.15808078712748852
1103	70-71	-0.08150895907045452
1103	72-73	-0.23739778932583988
1103	74-75	-0.16073832022118495
1103	76-77	-0.16812423063288406
1103	78-79	-0.15853553576969404
1103	80-81	-0.17327053246610546
1103	82-83	-0.20681848164374372
1103	84-85	-0.1704171298238606
1103	86-87	-0.14744034950972917
1103	88-89	-0.3308203214882752
1103	90-91	-0.1917233350728864
1103	92-93	-0.2012929104964627
1103	94-95	-0.14355989687317106
1103	96-97	-0.16942360702152115
1103	98-99	-0.3028023948875216
1103	100	-0.15887996708179486
1104	1	0.2430504655572392
1104	2	0.12354186840352455
1104	3	0.10988202191300189
1104	4	0.10536876673244677
1104	5	0.041056541646170785
1104	6	0.2511560061403202
1104	7	0.11212720432237688
1104	8	0.06542466959036375
1104	9	-0.0032842397954979674
1104	10-11	-0.05924404477458012
1104	12-13	0.07198218923834787
1104	14-15	0.03973924037460108
1104	16-17	0.06914911400561152
1104	18-19	0.06447241842419515
1104	20-21	0.10372672043238396
1104	22-23	-0.01650106698163256
1104	24-25	0.03302982915314345
1104	26-27	0.07470493704271775
1104	28-29	-0.0071315210159497155
1104	30-31	0.0708438822270736
1104	32-33	0.055405274675123906
1104	34-35	0.040989756620987805
1104	36-37	0.09781453803186935
1104	38-39	0.09514988573195637
1104	40-41	0.03307192488015431
1104	42-43	0.027318534975201203
1104	44-45	0.04554280913233555
1104	46-47	0.07826204026392247
1104	48-49	0.06301362528718357
1104	50-51	-0.12380369076110753
1104	52-53	0.04646738548071028
1104	54-55	0.0294930509600988
1104	56-57	-0.04360027718904291
1104	58-59	-0.06352936396886832
1104	60-61	-0.07436330259649537
1104	62-63	-0.03228988041950487
1104	64-65	0.009423247262446921
1104	66-67	0.07036073741281967
1104	68-69	-0.02343328893259411
1104	70-71	0.1016382149533186
1104	72-73	0.07973667766129466
1104	74-75	-0.0014598748156302577
1104	76-77	0.11045398160168673
1104	78-79	-0.02744369749482445
1104	80-81	-0.026688690995797515
1104	82-83	-0.01836766453565275
1104	84-85	-0.05673032741646011
1104	86-87	-0.060654365211625816
1104	88-89	-0.01765104022267394
1104	90-91	0.06192213867211649
1104	92-93	-0.05785854930034162
1104	94-95	-0.07678224527879252
1104	96-97	-0.03067508758244486
1104	98-99	-0.05304546012441591
1104	100	-0.16058773384483516
1105	1	0.3267772710898633
1105	2	0.0763059727072708
1105	3	0.09543777876368154
1105	4	0.021911042461624675
1105	5	-0.026776844647095288
1105	6	-0.08786656421111871
1105	7	0.017590054632897534
1105	8	-0.007643793534462873
1105	9	-0.0824385386971187
1105	10-11	-0.009857254767403845
1105	12-13	0.07075321890277309
1105	14-15	0.10084792376783014
1105	16-17	0.04247717418542152
1105	18-19	0.05948813592284807
1105	20-21	0.009940287227188094
1105	22-23	0.013693112183887024
1105	24-25	-0.06748769770646135
1105	26-27	-0.07587072522226634
1105	28-29	-0.08905569487163234
1105	30-31	0.021871803075789842
1105	32-33	0.06349400188511822
1105	34-35	-0.033277530929417765
1105	36-37	0.0038939101446402447
1105	38-39	-0.04160710193485784
1105	40-41	-0.08055551662329918
1105	42-43	-0.04509717099331567
1105	44-45	-0.010994345958401652
1105	46-47	-0.07806398409235271
1105	48-49	-0.06711805468136589
1105	50-51	-0.048324882833654215
1105	52-53	-0.08317585932415739
1105	54-55	-0.05234270506059602
1105	56-57	-0.06555765930900037
1105	58-59	-0.04676047833929431
1105	60-61	-0.0929949815271982
1105	62-63	-0.05482745971051628
1105	64-65	-0.039073315869458725
1105	66-67	-0.07514159585606706
1105	68-69	-0.00616324986856398
1105	70-71	0.11005874060707299
1105	72-73	0.09736414142449945
1105	74-75	0.02955402461385148
1105	76-77	0.06297049811202982
1105	78-79	0.031549523447388594
1105	80-81	-0.027042764082828796
1105	82-83	0.04457363276978299
1105	84-85	0.13720106059653858
1105	86-87	0.05635228995927122
1105	88-89	-0.045895481324684795
1105	90-91	-0.08952815301002204
1105	92-93	-0.06288606797048146
1105	94-95	-0.05645153333767183
1105	96-97	-0.09573698449359824
1105	98-99	-0.07778951617789431
1105	100	-0.09635558599494942
1106	1	0.2503060757375266
1106	2	-0.043331684140262894
1106	3	-0.030794848295293775
1106	4	-0.08194224103014847
1106	5	-0.12200980932847472
1106	6	-0.19013160913420535
1106	7	-0.24058845969324238
1106	8	-0.35523691860230144
1106	9	-0.27132931797693516
1106	10-11	-0.24038652453293707
1106	12-13	-0.24113623066254064
1106	14-15	-0.18050716287091007
1106	16-17	-0.19244442873555556
1106	18-19	-0.08478112430972828
1106	20-21	-0.08436386025066156
1106	22-23	-0.0202209133814506
1106	24-25	-0.09003518670467514
1106	26-27	-0.09899714896391743
1106	28-29	-0.07535236805243528
1106	30-31	-0.07515982217081785
1106	32-33	-0.05716124311824444
1106	34-35	-0.07596352016540919
1106	36-37	-0.09696625227696387
1106	38-39	-0.1955796283408091
1106	40-41	-0.17811120332597596
1106	42-43	-0.39977455245426796
1106	44-45	-0.3906403706607193
1106	46-47	-0.07650738107461308
1106	48-49	-0.056473994961734775
1106	50-51	-0.12371900551040937
1106	52-53	-0.12612903524371433
1106	54-55	-0.2653754119154499
1106	56-57	-0.25716036148664756
1106	58-59	-0.017310190049883545
1106	60-61	-0.08983031050658496
1106	62-63	-0.08681870349843024
1106	64-65	-0.23475106512442778
1106	66-67	-0.16194292775853114
1106	68-69	-0.2132946006004488
1106	70-71	-0.27628138634640464
1106	72-73	-0.3781955135254904
1106	74-75	-0.3590567919558936
1106	76-77	-0.17402406372048773
1106	78-79	-0.3559399389976079
1106	80-81	-0.43870324761265067
1106	82-83	-0.6173179911486102
1106	84-85	-0.5629374904820637
1106	86-87	-0.4257340443255302
1106	88-89	-0.413133893902895
1106	90-91	-0.33311574826071677
1106	92-93	-0.3330758440534254
1106	94-95	-0.5116366640673533
1106	96-97	-0.5339261112363332
1106	98-99	-0.5620345956978525
1106	100	-0.661507556251614
1107	1	0.24422865367966295
1107	2	0.08303328887236106
1107	3	0.1242097445067003
1107	4	0.16692177422069676
1107	5	0.05545654145480938
1107	6	0.16176871352421784
1107	7	0.07701070386477227
1107	8	0.21124606993856787
1107	9	0.11566771532185527
1107	10-11	0.043170496351550014
1107	12-13	0.07667971111211358
1107	14-15	0.08457128906496791
1107	16-17	0.0032405091680800524
1107	18-19	0.08518847056421919
1107	20-21	0.12516282003004164
1107	22-23	0.07926571581720054
1107	24-25	0.07386835428263794
1107	26-27	0.03536701815901466
1107	28-29	0.1375243727999802
1107	30-31	0.1340978037892384
1107	32-33	0.09411234705330429
1107	34-35	0.10933699050454493
1107	36-37	0.17841328310834825
1107	38-39	0.03164377880813163
1107	40-41	0.05025104676828818
1107	42-43	0.15559210918977584
1107	44-45	0.209756301359036
1107	46-47	0.15691494427444042
1107	48-49	0.14939274231048216
1107	50-51	0.22407711087296178
1107	52-53	0.1769901834178924
1107	54-55	0.09554868076423872
1107	56-57	0.04983423672022269
1107	58-59	0.0671362878018158
1107	60-61	0.053950484181712
1107	62-63	0.028020559226220598
1107	64-65	0.037569231150101245
1107	66-67	0.020370140776407197
1107	68-69	0.14628705206665416
1107	70-71	0.007101071726943076
1107	72-73	0.20530628868122136
1107	74-75	0.0885688117411263
1107	76-77	0.3732461871353294
1107	78-79	0.17342393706060477
1107	80-81	0.1928865764244847
1107	82-83	0.26669927381580294
1107	84-85	0.16236175011497522
1107	86-87	0.20784050809577792
1107	88-89	0.055805495325820687
1107	90-91	0.16383966088390167
1107	92-93	0.1891821420241513
1107	94-95	-0.05688808202532414
1107	96-97	0.06871340860738684
1107	98-99	0.27910850276710164
1107	100	0.27478520458664235
1108	1	0.21312483051785946
1108	2	0.12261876489199253
1108	3	0.21505633674454572
1108	4	0.18421227195064205
1108	5	0.11544142968715221
1108	6	0.3861121137728247
1108	7	0.26324839420227875
1108	8	0.4341481639688567
1108	9	0.467638245698204
1108	10-11	0.3270413042636946
1108	12-13	0.2028955134754753
1108	14-15	0.1494616611914097
1108	16-17	0.08735876542893095
1108	18-19	0.14550360035528342
1108	20-21	0.13738004604510223
1108	22-23	0.17762987870565894
1108	24-25	0.22953190252406586
1108	26-27	0.25162154547494
1108	28-29	0.2168922876830237
1108	30-31	0.24136590982876527
1108	32-33	0.3047438008831236
1108	34-35	0.29378041692823587
1108	36-37	0.3122456213493692
1108	38-39	0.24742087252228373
1108	40-41	0.11470864557418992
1108	42-43	0.24738411609139632
1108	44-45	0.23854118177225558
1108	46-47	0.2285795282850671
1108	48-49	0.2208853606593877
1108	50-51	0.1910086056134901
1108	52-53	0.25008272970672607
1108	54-55	0.1312412683536195
1108	56-57	0.2463314957561593
1108	58-59	0.2674245078259716
1108	60-61	0.35264799546143877
1108	62-63	0.22502040623899688
1108	64-65	0.22686580667449618
1108	66-67	0.21967349767719213
1108	68-69	0.18794784961201572
1108	70-71	0.28159877473182604
1108	72-73	0.2451964711281036
1108	74-75	0.2815052997421219
1108	76-77	0.22375293269267615
1108	78-79	0.3167114419473833
1108	80-81	0.30373509913223984
1108	82-83	0.28143924506582607
1108	84-85	0.2698638187400846
1108	86-87	0.1344579896046696
1108	88-89	0.31797189909357826
1108	90-91	0.16230432529911099
1108	92-93	0.14428046122285565
1108	94-95	0.2569280924425499
1108	96-97	0.2925207422608125
1108	98-99	0.34736020292830005
1108	100	0.4713806289118523
1109	1	0.22099101865204673
1109	2	0.053533081489156586
1109	3	0.042759543081466234
1109	4	-0.03218751232916617
1109	5	-0.07310845358827578
1109	6	-0.06423914810322628
1109	7	0.028329018145129226
1109	8	-0.15703573499989432
1109	9	-0.1443016684397307
1109	10-11	-0.014544195406223537
1109	12-13	0.02724474028763524
1109	14-15	0.013443317542929378
1109	16-17	0.07252506437500017
1109	18-19	0.10835418055097534
1109	20-21	0.07148883702720354
1109	22-23	0.014788582263697947
1109	24-25	0.001715558633016201
1109	26-27	0.038584855499628645
1109	28-29	0.029501758816998347
1109	30-31	-0.03260656737864309
1109	32-33	-0.11159148861749202
1109	34-35	-0.06846197117547348
1109	36-37	-0.04252549047524923
1109	38-39	0.0017966644301239398
1109	40-41	-0.0363478681776499
1109	42-43	-0.10665406577703607
1109	44-45	-0.11419778990867968
1109	46-47	-0.08943666191957078
1109	48-49	-0.07597554144943786
1109	50-51	-0.11417773631255557
1109	52-53	-0.1102719349269421
1109	54-55	-0.09494612767566935
1109	56-57	-0.10378838252815825
1109	58-59	-0.23410924667842892
1109	60-61	-0.33740247503718024
1109	62-63	-0.1155620925509453
1109	64-65	-0.24141776769732104
1109	66-67	0.015999775885873646
1109	68-69	-0.024062793113309056
1109	70-71	-0.09013400617666889
1109	72-73	-0.20829777363871216
1109	74-75	-0.31643166241312315
1109	76-77	-0.26699647384051417
1109	78-79	-0.2406669904840939
1109	80-81	-0.08952471616390056
1109	82-83	-0.004184013546733922
1109	84-85	-0.14495694844139706
1109	86-87	-0.28798545735879344
1109	88-89	-0.0992204496405833
1109	90-91	-0.11190913266195679
1109	92-93	-0.07451778619851268
1109	94-95	-0.07556704808274617
1109	96-97	-0.02853211394025834
1109	98-99	-0.051495452601116654
1109	100	-0.20900404536286743
1110	1	-0.043899984207769194
1110	2	0.03474672859811889
1110	3	-0.03926012211637442
1110	4	-0.062074333506693335
1110	5	0.02118277959853998
1110	6	0.11321325168928809
1110	7	0.253532421914926
1110	8	0.05190136780029064
1110	9	0.02772658111570081
1110	10-11	-0.020159996021199333
1110	12-13	-0.013222068704600076
1110	14-15	0.08902499504530681
1110	16-17	0.1627478280427539
1110	18-19	0.06549393614234589
1110	20-21	0.0990317154261291
1110	22-23	0.1326518283995597
1110	24-25	0.06010914499503173
1110	26-27	0.22131616226632644
1110	28-29	0.11092266216093094
1110	30-31	0.09478585609989665
1110	32-33	0.12598624986884488
1110	34-35	0.12551309072743067
1110	36-37	0.04971286166554734
1110	38-39	0.10384893902356396
1110	40-41	0.1373807778387004
1110	42-43	0.1154391878257286
1110	44-45	0.07719048543420826
1110	46-47	0.16016209584397956
1110	48-49	0.06409820318448567
1110	50-51	0.18066423748352634
1110	52-53	0.14515042222726748
1110	54-55	0.18056786503173328
1110	56-57	0.12391855904738946
1110	58-59	0.06028544703475802
1110	60-61	0.05370378352220939
1110	62-63	0.05286848358383622
1110	64-65	0.08091983587647178
1110	66-67	0.09638464660111623
1110	68-69	-0.012842639208429318
1110	70-71	0.11976400440605772
1110	72-73	-0.01264681837363213
1110	74-75	-0.11983396294483839
1110	76-77	-0.19050117978472514
1110	78-79	0.035082858307525555
1110	80-81	0.02384440743485783
1110	82-83	0.03790263455178433
1110	84-85	0.11555286059535064
1110	86-87	0.07086026851822425
1110	88-89	0.045296621800744674
1110	90-91	0.03481600493389436
1110	92-93	0.11075421957252729
1110	94-95	0.1966462589866893
1110	96-97	0.20661158734239393
1110	98-99	0.013237335017677765
1110	100	0.020730248019461328
1111	1	-0.24186097480578184
1111	2	-0.07630781700602185
1111	3	-0.08491899942704606
1111	4	-0.03692862304621514
1111	5	0.03233215527532707
1111	6	0.1481951895801359
1111	7	-0.08561473136594344
1111	8	-0.13379444964327547
1111	9	-0.04455133813297607
1111	10-11	0.07205962133085819
1111	12-13	-0.022359169323550532
1111	14-15	-0.08272071134702941
1111	16-17	9.842909456097004E-4
1111	18-19	0.01530924690524671
1111	20-21	0.15591210371919573
1111	22-23	0.013203561498137617
1111	24-25	0.0031516504881707874
1111	26-27	0.06372060312714467
1111	28-29	0.1073292097726295
1111	30-31	-0.05484309417227706
1111	32-33	0.047585028785249506
1111	34-35	0.09731832803058893
1111	36-37	0.13452821128151982
1111	38-39	0.1766853426640438
1111	40-41	0.14787496496150965
1111	42-43	0.17021958167249807
1111	44-45	0.05619815445994192
1111	46-47	0.19739536948069514
1111	48-49	0.07695538579257288
1111	50-51	0.2080318724831045
1111	52-53	0.17825774207812373
1111	54-55	0.13686993958026505
1111	56-57	-0.06689043740509959
1111	58-59	0.033831045004156124
1111	60-61	0.07187843803838234
1111	62-63	0.10077265441578476
1111	64-65	0.2632681323290953
1111	66-67	-0.0019090205989797937
1111	68-69	-0.012986638419477003
1111	70-71	-0.08409926830733383
1111	72-73	0.07466147026723746
1111	74-75	-0.0013570514992267135
1111	76-77	-0.11500999691883607
1111	78-79	-0.0026109385475692193
1111	80-81	-0.055679196151324106
1111	82-83	0.06908518446998357
1111	84-85	-0.040385543452863715
1111	86-87	-0.04928918212214484
1111	88-89	-0.027826723229651407
1111	90-91	0.11875447491806312
1111	92-93	-0.04795483728506156
1111	94-95	0.10922763903879229
1111	96-97	-0.024211520204296733
1111	98-99	0.08092680603991198
1111	100	-0.008273687111447714
1112	1	-0.012754520972102057
1112	2	-0.01925260007539009
1112	3	-0.06393533027210907
1112	4	-0.010635376715107725
1112	5	0.12246535659574675
1112	6	0.004236147495298326
1112	7	0.19089202537460892
1112	8	0.3060666113677897
1112	9	0.10722488120507734
1112	10-11	0.08475689632798122
1112	12-13	0.09999808893702067
1112	14-15	0.13774688879625785
1112	16-17	0.04024702966020044
1112	18-19	0.05000304341764661
1112	20-21	0.08337451669498819
1112	22-23	0.1436751074125553
1112	24-25	0.11629831504691879
1112	26-27	0.11226659131529715
1112	28-29	0.06379509600904498
1112	30-31	0.045905953612830785
1112	32-33	0.09751898807512305
1112	34-35	0.03060543515059777
1112	36-37	-0.03214063923329746
1112	38-39	0.010719541383608089
1112	40-41	0.08243255072508049
1112	42-43	0.054254215020662855
1112	44-45	-0.08831105678321194
1112	46-47	-0.2642891359424908
1112	48-49	-0.2478220194178533
1112	50-51	-0.13487088007336467
1112	52-53	-0.2954042890924953
1112	54-55	-0.2624351235389355
1112	56-57	-0.16763400772791925
1112	58-59	-0.028706851184438165
1112	60-61	-0.1439129901035443
1112	62-63	-0.15520090894613503
1112	64-65	-0.11772848990011653
1112	66-67	-0.23530823121066646
1112	68-69	-0.08229910635402149
1112	70-71	-0.08284805534383821
1112	72-73	0.08481860513609973
1112	74-75	-0.08556489469424378
1112	76-77	-0.18255091081447006
1112	78-79	0.07304490531020491
1112	80-81	-0.050246756106091084
1112	82-83	0.02620711367973172
1112	84-85	0.042268352612175875
1112	86-87	0.04522353398319723
1112	88-89	0.08163316316229441
1112	90-91	0.07298408636894038
1112	92-93	0.02734620618328165
1112	94-95	-0.008512892851840093
1112	96-97	0.06783922469060855
1112	98-99	0.015246734171043386
1112	100	-0.232150524013214
1113	1	-0.05115603352815867
1113	2	-0.08352443515277841
1113	3	0.0669747161510088
1113	4	-0.04616017239521142
1113	5	-0.04929606831574063
1113	6	-0.24737129441584216
1113	7	-0.05597552223173352
1113	8	0.09165742790480635
1113	9	-0.03500122637063896
1113	10-11	-0.11107599889121644
1113	12-13	-0.03457699103793033
1113	14-15	-0.05364340406321588
1113	16-17	0.047532090947029815
1113	18-19	0.019189374239680035
1113	20-21	-0.03317408553385803
1113	22-23	-0.07060084756351159
1113	24-25	-0.07625407871422141
1113	26-27	-0.15494887492027232
1113	28-29	-0.08488222212348973
1113	30-31	-0.060830433238628245
1113	32-33	-0.13940765498600882
1113	34-35	0.0848464456102036
1113	36-37	-0.04710272091700318
1113	38-39	-0.05105945741895823
1113	40-41	0.03455401752282938
1113	42-43	-0.011002328312713416
1113	44-45	0.1145827721635655
1113	46-47	0.004419833182232935
1113	48-49	0.22147720979872076
1113	50-51	0.0716996036455626
1113	52-53	0.20003843879754157
1113	54-55	0.05880588868851078
1113	56-57	0.003997548285802566
1113	58-59	0.07609265505033136
1113	60-61	0.11818569860937345
1113	62-63	-0.030900040679689766
1113	64-65	0.06589254881060924
1113	66-67	-0.039071350679193984
1113	68-69	0.027153223072751587
1113	70-71	-0.018534454304962367
1113	72-73	0.004240824544503141
1113	74-75	-0.006675758410310095
1113	76-77	0.14463041143064714
1113	78-79	0.09441723450991191
1113	80-81	0.1373675698497081
1113	82-83	0.04001960312071162
1113	84-85	0.11797228848777763
1113	86-87	0.01688603695443902
1113	88-89	-0.014668135554160244
1113	90-91	-0.018120744947744072
1113	92-93	0.07388219614823299
1113	94-95	-0.09217094831868167
1113	96-97	0.04969280890773575
1113	98-99	-0.03505777103025309
1113	100	0.07135017421435208
1114	1	-0.4379969236222827
1114	2	-0.24155653925506826
1114	3	-0.2875929830772961
1114	4	0.023955053491881984
1114	5	0.04687389812050213
1114	6	-0.06382848676949493
1114	7	-0.17492940021801218
1114	8	-0.1246383883527642
1114	9	0.06172026180524881
1114	10-11	-0.053025144995096696
1114	12-13	-0.074947608997185
1114	14-15	-0.020985597479736384
1114	16-17	-0.017201622659058557
1114	18-19	-0.2037228287446169
1114	20-21	7.022144835673316E-4
1114	22-23	0.05744220856772131
1114	24-25	0.045467733582704284
1114	26-27	-0.03524773930337943
1114	28-29	-0.033270125952647334
1114	30-31	-0.1455402924856415
1114	32-33	-0.06968459479048761
1114	34-35	-0.1838764251183349
1114	36-37	-0.10359580109012256
1114	38-39	-0.019174197616763422
1114	40-41	-0.02973360709014372
1114	42-43	-0.18783126975761633
1114	44-45	-0.26406845423509395
1114	46-47	-0.42883075844689955
1114	48-49	-0.35941729118340504
1114	50-51	-0.2699437086130416
1114	52-53	-0.35035977221092907
1114	54-55	-0.1496661618240296
1114	56-57	-0.23801242937540934
1114	58-59	-0.34208421496818175
1114	60-61	-0.19684781657295503
1114	62-63	-0.32228595813620586
1114	64-65	-0.1527289915413519
1114	66-67	-0.1529824273117697
1114	68-69	-0.10039175422139834
1114	70-71	-0.056947992104475986
1114	72-73	0.05748515034766655
1114	74-75	-0.17364640889198313
1114	76-77	-0.20008195039844878
1114	78-79	-0.1970610440965146
1114	80-81	-0.06046068400786453
1114	82-83	-0.08921107043174459
1114	84-85	-0.05657114003567898
1114	86-87	-0.08981231769806897
1114	88-89	0.04138749094558847
1114	90-91	-0.04042292308734119
1114	92-93	-0.07768380307266654
1114	94-95	-0.29512849313691447
1114	96-97	-0.25340018825482247
1114	98-99	-0.22662808696209424
1114	100	-0.06249706818940126
1115	1	-0.22862459446700356
1115	2	-0.08886298152197014
1115	3	-0.03727113369639312
1115	4	-0.037741737149083576
1115	5	0.004027948185715502
1115	6	-0.1559529337401031
1115	7	-0.15184590094678896
1115	8	-0.1302122475316594
1115	9	-0.009197943847119916
1115	10-11	0.07479127350422488
1115	12-13	0.017307298719821063
1115	14-15	-0.026766745398511205
1115	16-17	-0.04186693865671032
1115	18-19	0.02811191466433627
1115	20-21	0.06817491957678357
1115	22-23	0.0692560632205712
1115	24-25	0.0793116570675636
1115	26-27	0.005540271798672336
1115	28-29	0.0666191935724143
1115	30-31	0.09737508575559417
1115	32-33	0.10459456891025809
1115	34-35	0.11100549013823269
1115	36-37	0.11097505782640837
1115	38-39	0.035486294193759704
1115	40-41	0.08028446722395444
1115	42-43	0.03705022893615251
1115	44-45	0.02708529453280306
1115	46-47	-0.013391659797612476
1115	48-49	0.06493925851228255
1115	50-51	0.02983593836397347
1115	52-53	-0.09863612325528237
1115	54-55	-0.04404581466064883
1115	56-57	0.08439068283027495
1115	58-59	0.07356695361261245
1115	60-61	0.2090481880213133
1115	62-63	0.07399516991770838
1115	64-65	-0.01502113921998216
1115	66-67	0.10021458050337628
1115	68-69	0.05083292628516034
1115	70-71	-0.0775061000175512
1115	72-73	-0.03649231381682938
1115	74-75	0.17362541378825824
1115	76-77	-0.036300862109477805
1115	78-79	-0.05089152808632491
1115	80-81	-0.004040437608978209
1115	82-83	0.08656733164984587
1115	84-85	0.10915354964559043
1115	86-87	0.2406150907614304
1115	88-89	0.18241874722824036
1115	90-91	0.23700748995756982
1115	92-93	0.21729047023965364
1115	94-95	0.2642298425159453
1115	96-97	0.009234974094596282
1115	98-99	0.03336448022322713
1115	100	0.15262204186707606
1116	1	-0.33545357967135914
1116	2	-0.11581632643309092
1116	3	-0.17816005407298263
1116	4	-0.01701192829329301
1116	5	-0.016726211737911
1116	6	-0.08858243903367224
1116	7	-0.2837405403208777
1116	8	-0.2033472267837979
1116	9	-0.2104871721342434
1116	10-11	-0.05035440758807397
1116	12-13	-0.07688562327106041
1116	14-15	-0.05726258677245255
1116	16-17	-0.015118898189584229
1116	18-19	-0.03600109487851455
1116	20-21	-0.0542940399483669
1116	22-23	-0.044917638006793936
1116	24-25	-0.0649500231693807
1116	26-27	-0.0210965813178845
1116	28-29	-0.06957542771642977
1116	30-31	-0.10073087117591228
1116	32-33	-0.19321117640773622
1116	34-35	-0.07231751597787905
1116	36-37	-0.06068783810119527
1116	38-39	-0.009234982532298375
1116	40-41	0.007695642486943655
1116	42-43	-0.006528486748450746
1116	44-45	0.06931511388450673
1116	46-47	0.0123061850016839
1116	48-49	0.05083637866763269
1116	50-51	0.10531610278284376
1116	52-53	0.2004701046088897
1116	54-55	0.1779684791422369
1116	56-57	0.031547164378075365
1116	58-59	-0.07897621626031537
1116	60-61	-0.10298625820051655
1116	62-63	-0.04991414301482422
1116	64-65	-0.056203660810680844
1116	66-67	-0.10818171382061337
1116	68-69	0.07130419427424783
1116	70-71	0.037791801632629074
1116	72-73	-0.0027994756778184637
1116	74-75	0.05838695527168625
1116	76-77	0.14900710926230687
1116	78-79	-0.08293892463566266
1116	80-81	-0.08015291520570145
1116	82-83	-0.1497565088904267
1116	84-85	-0.10453410628630166
1116	86-87	-0.037333937450746646
1116	88-89	-0.04558939107451465
1116	90-91	-0.05212577898167581
1116	92-93	-0.020945743711102693
1116	94-95	0.016785803547776368
1116	96-97	0.026390676235216404
1116	98-99	-0.08407365537712508
1116	100	-0.013092957963955598
1117	1	-0.3948922854210366
1117	2	-0.12290592911411835
1117	3	-0.1382825689741125
1117	4	-0.03849861159313406
1117	5	-0.04672711773506677
1117	6	-0.16273495990732556
1117	7	-0.2443132034212141
1117	8	-0.22016856420356135
1117	9	-0.14381872136954854
1117	10-11	-0.06636535942279664
1117	12-13	0.040322433070237196
1117	14-15	0.02972578071398857
1117	16-17	-0.03117900991971112
1117	18-19	-0.0733154383618313
1117	20-21	-0.07526372604762344
1117	22-23	-0.07488047214901172
1117	24-25	-0.18869840866029364
1117	26-27	-0.23242093483045068
1117	28-29	-0.11312030224821967
1117	30-31	-0.11111537146876316
1117	32-33	-0.23997732352522405
1117	34-35	-0.07043536667037387
1117	36-37	-0.27747561032389
1117	38-39	-0.14577697656467592
1117	40-41	-0.09477102078357547
1117	42-43	0.0354983249644647
1117	44-45	0.010143581796370427
1117	46-47	-0.11378523976296862
1117	48-49	-0.14476055900367157
1117	50-51	-0.09141493147750168
1117	52-53	-0.014836954943085345
1117	54-55	0.051001303299536005
1117	56-57	0.1659908870833462
1117	58-59	0.10561671968542186
1117	60-61	0.11637240122811932
1117	62-63	0.1612080341858544
1117	64-65	0.1642701595165761
1117	66-67	0.07975882255652778
1117	68-69	0.09600171092642285
1117	70-71	0.05997312770453078
1117	72-73	0.1793615526461494
1117	74-75	0.27179116929859504
1117	76-77	0.23203988574322665
1117	78-79	0.10352594372822921
1117	80-81	0.10462947241376241
1117	82-83	0.07256215798098253
1117	84-85	0.17743988771714925
1117	86-87	0.03798396490719824
1117	88-89	0.059300078293418323
1117	90-91	-0.013373620641019102
1117	92-93	0.04865528599388114
1117	94-95	0.08098853582173149
1117	96-97	0.1601766871434549
1117	98-99	0.21507805339415142
1117	100	0.18656283310161115
1118	1	-0.5675032819658448
1118	2	-0.014388976846891666
1118	3	0.024765956686607637
1118	4	0.1132818406187468
1118	5	0.03603281924686996
1118	6	-0.008827632930405116
1118	7	-0.05885895856190615
1118	8	0.08260105947995555
1118	9	0.0853883105881863
1118	10-11	0.24070375132256316
1118	12-13	0.2594836204317801
1118	14-15	0.1729925576044451
1118	16-17	0.21449612709162125
1118	18-19	0.16544732799791007
1118	20-21	0.23377794975894517
1118	22-23	0.11711982812933286
1118	24-25	0.18210395725861162
1118	26-27	0.18319903883060107
1118	28-29	0.16158490196498576
1118	30-31	0.1173837212363722
1118	32-33	0.1683752516631074
1118	34-35	0.1869119981326577
1118	36-37	0.024788002577878387
1118	38-39	0.0974841137389646
1118	40-41	0.21546256970631816
1118	42-43	0.28266141530610867
1118	44-45	0.25021287986296414
1118	46-47	0.36891897392455775
1118	48-49	0.24821133426290487
1118	50-51	0.21030751505897172
1118	52-53	0.18731433853201906
1118	54-55	0.17604129683914493
1118	56-57	0.331060212123532
1118	58-59	0.264678465228819
1118	60-61	0.3593760112908839
1118	62-63	0.4379318937236505
1118	64-65	0.2977065762415023
1118	66-67	0.3321884862832434
1118	68-69	0.2416974460803729
1118	70-71	0.19254385806893737
1118	72-73	0.13217605762275042
1118	74-75	0.4395280513276987
1118	76-77	0.24580520214500012
1118	78-79	0.39326874650259214
1118	80-81	0.24371624142902704
1118	82-83	0.2911667141169474
1118	84-85	0.2650253729138612
1118	86-87	0.2567566771916674
1118	88-89	0.3518424565061906
1118	90-91	0.373148651261495
1118	92-93	0.3537290147844345
1118	94-95	0.34951863377350634
1118	96-97	0.5117141252601627
1118	98-99	0.5386023564497577
1118	100	0.5353993707180322
>>END_MODULE
>>Per sequence quality scores	pass
#Quality	Count
26	5.0
27	204.0
28	2717.0
29	11183.0
30	22124.0
31	31142.0
32	38977.0
33	48253.0
34	58725.0
35	72087.0
36	89748.0
37	116047.0
38	157662.0
39	237994.0
40	465194.0
41	647938.0
>>END_MODULE
>>Per base sequence content	fail
#Base	G	A	T	C
1	26.508150000000004	12.3256	15.816250000000002	45.35
2	25.4938	20.1344	33.7361	20.6357
3	24.841949999999997	24.067549999999997	24.36935	26.721149999999998
4	25.59395	29.09355	18.6564	26.6561
5	25.54555	32.39615	21.087600000000002	20.9707
6	20.54925	34.9055	21.42785	23.1174
7	19.11345	16.13455	41.089999999999996	23.662
8	22.4732	21.2999	27.1799	29.047
9	22.21695	19.470299999999998	29.92905	28.3837
10-11	24.108975	29.9223	20.9704	24.998324999999998
12-13	23.6067	23.084075000000002	27.897100000000002	25.412125000000003
14-15	23.49335	25.247075000000002	26.506925	24.752650000000003
16-17	24.7732	25.0497	25.234275	24.942825
18-19	24.4456	25.414875	25.12825	25.011274999999998
20-21	24.5719	25.593674999999998	25.103975000000002	24.73045
22-23	24.477075	25.861024999999998	25.089275	24.572625000000002
24-25	24.3284	25.975949999999997	25.037074999999998	24.658575
26-27	24.350475	25.938200000000002	25.070949999999996	24.640375
28-29	24.4083	25.634800000000002	25.148775	24.808125
30-31	24.2596	25.768124999999998	25.257924999999997	24.71435
32-33	24.283025	26.023125000000004	25.13975	24.554100000000002
34-35	24.537300000000002	25.84105	25.034	24.58765
36-37	24.332175	25.72335	25.192725	24.75175
38-39	24.409425000000002	25.7841	25.201600000000003	24.604875
40-41	24.499475	25.735950000000003	25.11065	24.653924999999997
42-43	24.3328	25.6484	25.3285	24.6903
44-45	24.4646	25.645449999999997	25.262125	24.627825
46-47	24.5243	25.728225	25.040875	24.7066
48-49	24.372075000000002	25.718675	25.271749999999997	24.637500000000003
50-51	24.447975	25.705450000000003	25.265500000000003	24.581075
52-53	24.59025	25.644675	25.190125000000002	24.57495
54-55	24.361150000000002	25.636474999999997	25.305024999999997	24.69735
56-57	24.455375	25.69225	25.310975000000003	24.5414
58-59	24.531125	25.702350000000003	25.229924999999998	24.5366
60-61	24.43525	25.652625	25.341599999999996	24.570525
62-63	24.458675	25.668950000000002	25.3341	24.538275000000002
64-65	24.467525000000002	25.7697	25.247675	24.5151
66-67	24.427625	25.572725000000002	25.344125000000002	24.655525
68-69	24.39605	25.746525	25.384449999999998	24.472974999999998
70-71	24.595025	25.67145	25.240800000000004	24.492725
72-73	24.429100000000002	25.633275	25.37605	24.561574999999998
74-75	24.465825	25.652075000000004	25.412574999999997	24.469525
76-77	24.547774999999998	25.692275	25.290225	24.469725
78-79	24.37915	25.656825	25.3752	24.588825
80-81	24.463225	25.711725	25.3745	24.45055
82-83	24.529500000000002	25.702075	25.257724999999997	24.5107
84-85	24.384975	25.678275	25.355024999999998	24.581725
86-87	24.4905	25.727625	25.3497	24.432175
88-89	24.568607970383688	25.715670014535153	25.28319047349997	24.432531541581188
90-91	24.513667898918822	25.631444855028494	25.307944288902505	24.546942957150176
92-93	24.642406160601542	25.721606430401607	25.316606329151583	24.31938107984527
94-95	24.738317149514486	25.71507145214356	25.173680210406314	24.372931187935638
96-97	24.632375	25.719399999999997	25.225175	24.42305
98-99	24.70185	25.85035	25.153799999999997	24.294
100	24.73584313192143	25.655917053843403	25.107002782072335	24.501237032162837
>>END_MODULE
>>Per sequence GC content	warn
#GC Content	Count
0	87.0
1	54.0
2	17.0
3	11.0
4	10.0
5	10.5
6	9.5
7	12.0
8	22.0
9	26.5
10	27.5
11	31.5
12	37.0
13	51.0
14	67.0
15	98.0
16	152.0
17	215.5
18	313.5
19	438.0
20	593.0
21	779.0
22	1124.0
23	1491.5
24	1851.0
25	2509.0
26	3175.0
27	3937.5
28	4897.0
29	5902.0
30	7220.5
31	8733.0
32	10323.5
33	11961.0
34	13724.5
35	15775.5
36	18403.0
37	21592.5
38	25102.5
39	29273.0
40	34329.0
41	40351.5
42	47307.5
43	55093.5
44	63743.5
45	73401.5
46	83275.0
47	93118.5
48	102720.0
49	111194.0
50	116555.5
51	118073.0
52	117102.5
53	114226.0
54	107980.0
55	98324.0
56	87132.5
57	75520.0
58	63893.0
59	53068.5
60	42848.0
61	32942.0
62	24596.5
63	17527.5
64	11991.0
65	8088.5
66	5327.0
67	3446.5
68	2185.0
69	1371.5
70	917.0
71	644.5
72	460.5
73	326.0
74	264.5
75	215.5
76	146.5
77	88.5
78	76.0
79	58.0
80	22.5
81	8.5
82	5.5
83	2.0
84	1.0
85	1.0
86	0.0
87	0.0
88	0.0
89	0.0
90	0.0
91	1.0
92	1.0
93	0.0
94	0.5
95	0.5
96	0.0
97	0.0
98	0.0
99	0.5
100	6.0
>>END_MODULE
>>Per base N content	pass
#Base	N-Count
1	0.0
2	0.0
3	0.0
4	0.0
5	0.0
6	0.0
7	0.0
8	0.0
9	0.0
10-11	0.0
12-13	0.0
14-15	0.0
16-17	0.0
18-19	0.0
20-21	0.0
22-23	0.0
24-25	0.0
26-27	0.0
28-29	0.0
30-31	0.0
32-33	0.0
34-35	0.0
36-37	0.0
38-39	0.0
40-41	0.0
42-43	0.0
44-45	0.0
46-47	0.0
48-49	0.0
50-51	0.0
52-53	0.0
54-55	0.0
56-57	0.0
58-59	0.0
60-61	0.0
62-63	0.0
64-65	0.0
66-67	0.0
68-69	0.0
70-71	0.0
72-73	0.0
74-75	0.0
76-77	0.0
78-79	0.0
80-81	0.0
82-83	0.0
84-85	0.0
86-87	0.0
88-89	0.00105
90-91	1.75E-4
92-93	2.4999999999999998E-5
94-95	0.003
96-97	0.0
98-99	0.0
100	0.0026
>>END_MODULE
>>Sequence Length Distribution	pass
#Length	Count
100	2000000.0
>>END_MODULE
>>Sequence Duplication Levels	pass
#Total Deduplicated Percentage	81.66631503812826
#Duplication Level	Percentage of deduplicated	Percentage of total
1	88.00170154591063	71.86774682339677
2	8.396926609409379	13.714921076721371
3	1.7826786324920634	4.367543844385095
4	0.6622292117396886	2.163272777335391
5	0.3525934945452129	1.4397505702961957
6	0.20726756947406216	1.0156067175513537
7	0.14252312021098515	0.8147536624757137
8	0.09814973287643422	0.641242160479601
9	0.07802930364074402	0.5735129123997693
>10	0.2767074593343601	3.341906045646877
>50	0.0011933203664499128	0.059743409311881754
>100	0.0	0.0
>500	0.0	0.0
>1k	0.0	0.0
>5k	0.0	0.0
>10k+	0.0	0.0
>>END_MODULE
>>Overrepresented sequences	pass
>>END_MODULE
>>Adapter Content	pass
#Position	Illumina Universal Adapter	Illumina Small RNA 3' Adapter	Illumina Small RNA 5' Adapter	Nextera Transposase Sequence	SOLID Small RNA Adapter
1	0.0	0.0	0.0	0.0	0.0
2	0.0	0.0	0.0	0.0	0.0
3	0.0	0.0	0.0	0.0	0.0
4	0.0	0.0	0.0	0.0	0.0
5	0.0	0.0	0.0	0.0	0.0
6	0.0	0.0	0.0	0.0	0.0
7	0.0	0.0	0.0	0.0	0.0
8	0.0	0.0	0.0	0.0	0.0
9	0.0	0.0	0.0	0.0	0.0
10-11	0.0	0.0	2.5E-5	0.0	0.0
12-13	0.0	0.0	7.500000000000001E-5	0.0	5.0E-5
14-15	0.0	0.0	1.0E-4	0.0	5.0E-5
16-17	0.0	0.0	1.0E-4	0.0	5.0E-5
18-19	0.0	0.0	1.5E-4	0.0	1.75E-4
20-21	0.0	0.0	1.5E-4	0.0	2.0E-4
22-23	0.0	0.0	1.5E-4	0.0	2.0E-4
24-25	0.0	0.0	2.0E-4	0.0	2.0E-4
26-27	0.0	0.0	2.0E-4	0.0	2.0E-4
28-29	0.0	0.0	2.0E-4	0.0	2.0E-4
30-31	0.0	0.0	2.0E-4	0.0	2.0E-4
32-33	0.0	0.0	2.0E-4	0.0	2.0E-4
34-35	0.0	0.0	2.7499999999999996E-4	0.0	2.0E-4
36-37	0.0	0.0	3.0E-4	2.5E-5	2.0E-4
38-39	0.0	0.0	3.25E-4	5.0E-5	2.0E-4
40-41	0.0	0.0	3.5E-4	5.0E-5	3.25E-4
42-43	0.0	0.0	3.5E-4	5.0E-5	4.7500000000000005E-4
44-45	0.0	0.0	3.5E-4	5.0E-5	5.5E-4
46-47	0.0	0.0	3.5E-4	5.0E-5	6.75E-4
48-49	0.0	0.0	3.5E-4	5.0E-5	8.749999999999999E-4
50-51	0.0	0.0	3.5E-4	5.0E-5	9.5E-4
52-53	0.0	0.0	3.5E-4	5.0E-5	0.00105
54-55	0.0	0.0	3.5E-4	5.0E-5	0.001075
56-57	0.0	0.0	3.5E-4	5.0E-5	0.0012000000000000001
58-59	0.0	0.0	3.75E-4	5.0E-5	0.001275
60-61	2.5E-5	0.0	4.0E-4	5.0E-5	0.0013
62-63	5.0E-5	0.0	4.0E-4	5.0E-5	0.0016250000000000001
64-65	9.999999999999999E-5	0.0	4.0E-4	5.0E-5	0.00165
66-67	2.25E-4	5.0E-5	4.0E-4	5.0E-5	0.00165
68-69	3.25E-4	5.0E-5	4.0E-4	5.0E-5	0.00165
70-71	3.75E-4	5.0E-5	4.0E-4	5.0E-5	0.00175
72-73	4.2500000000000003E-4	5.0E-5	4.0E-4	5.0E-5	0.0018
74-75	5.75E-4	5.0E-5	4.0E-4	5.0E-5	0.001975
76-77	7.5E-4	5.0E-5	4.0E-4	5.0E-5	0.002175
78-79	8.25E-4	5.0E-5	4.0E-4	5.0E-5	0.0022
80-81	0.0010249999999999999	5.0E-5	4.2500000000000003E-4	5.0E-5	0.0023
82-83	0.001125	5.0E-5	4.5E-4	5.0E-5	0.0024
84-85	0.016325	5.0E-5	4.5E-4	5.0E-5	0.00255
86-87	0.081375	5.0E-5	4.5E-4	5.0E-5	0.00265
88-89	0.16112500000000002	7.500000000000001E-5	4.75E-4	7.500000000000001E-5	0.0026750000000000003
>>END_MODULE
