##FastQC	0.11.7
>>Basic Statistics	pass
#Measure	Value
Filename	222_L8_1.fq.gz
File type	Conventional base calls
Encoding	Sanger / Illumina 1.9
Total Sequences	2000000
Sequences flagged as poor quality	0
Sequence length	100
%GC	49
>>END_MODULE
>>Per base sequence quality	pass
#Base	Mean	Median	Lower Quartile	Upper Quartile	10th Percentile	90th Percentile
1	31.224733	32.0	32.0	32.0	32.0	32.0
2	31.6435325	32.0	32.0	32.0	32.0	32.0
3	35.699374	37.0	37.0	37.0	32.0	37.0
4	36.1456575	37.0	37.0	37.0	32.0	37.0
5	36.401414	37.0	37.0	37.0	37.0	37.0
6	40.461676	42.0	42.0	42.0	37.0	42.0
7	40.559132	42.0	42.0	42.0	37.0	42.0
8	40.8070075	42.0	42.0	42.0	37.0	42.0
9	40.880428	42.0	42.0	42.0	37.0	42.0
10-11	40.89339975	42.0	42.0	42.0	37.0	42.0
12-13	40.90192275	42.0	42.0	42.0	37.0	42.0
14-15	40.89313825	42.0	42.0	42.0	37.0	42.0
16-17	40.854802750000005	42.0	42.0	42.0	37.0	42.0
18-19	40.83415575	42.0	42.0	42.0	37.0	42.0
20-21	40.81036725	42.0	42.0	42.0	37.0	42.0
22-23	40.8103125	42.0	42.0	42.0	37.0	42.0
24-25	40.77405675	42.0	42.0	42.0	37.0	42.0
26-27	40.69461675	42.0	42.0	42.0	37.0	42.0
28-29	40.654469000000006	42.0	42.0	42.0	37.0	42.0
30-31	40.619406749999996	42.0	42.0	42.0	37.0	42.0
32-33	40.626526999999996	42.0	42.0	42.0	37.0	42.0
34-35	40.60965	42.0	42.0	42.0	37.0	42.0
36-37	40.5899755	42.0	42.0	42.0	37.0	42.0
38-39	40.535224	42.0	42.0	42.0	37.0	42.0
40-41	40.527381250000005	42.0	42.0	42.0	37.0	42.0
42-43	40.51440425	42.0	42.0	42.0	37.0	42.0
44-45	40.48814075	42.0	42.0	42.0	37.0	42.0
46-47	40.44939325	42.0	42.0	42.0	37.0	42.0
48-49	40.406701999999996	42.0	42.0	42.0	37.0	42.0
50-51	40.397706	42.0	42.0	42.0	37.0	42.0
52-53	40.3580255	42.0	42.0	42.0	37.0	42.0
54-55	40.342155250000005	42.0	42.0	42.0	37.0	42.0
56-57	40.304803750000005	42.0	42.0	42.0	37.0	42.0
58-59	40.25863325	42.0	42.0	42.0	37.0	42.0
60-61	40.20812275	42.0	42.0	42.0	37.0	42.0
62-63	40.19952325	42.0	42.0	42.0	37.0	42.0
64-65	40.180449249999995	42.0	42.0	42.0	37.0	42.0
66-67	40.1059135	42.0	42.0	42.0	37.0	42.0
68-69	40.006694249999995	42.0	42.0	42.0	37.0	42.0
70-71	39.993414	42.0	42.0	42.0	37.0	42.0
72-73	39.91905775	42.0	42.0	42.0	37.0	42.0
74-75	39.87817225	42.0	42.0	42.0	37.0	42.0
76-77	39.26726725	42.0	39.5	42.0	34.5	42.0
78-79	39.49503825	42.0	39.5	42.0	32.0	42.0
80-81	39.840444500000004	42.0	42.0	42.0	37.0	42.0
82-83	39.7505795	42.0	42.0	42.0	37.0	42.0
84-85	39.85362425	42.0	42.0	42.0	37.0	42.0
86-87	39.83661375	42.0	42.0	42.0	37.0	42.0
88-89	39.79090225	42.0	42.0	42.0	37.0	42.0
90-91	39.745288	42.0	42.0	42.0	37.0	42.0
92-93	39.661219	42.0	42.0	42.0	32.0	42.0
94-95	39.71791025	42.0	42.0	42.0	34.5	42.0
96-97	39.6430125	42.0	42.0	42.0	32.0	42.0
98-99	39.59731275	42.0	42.0	42.0	32.0	42.0
100	39.5415425	42.0	42.0	42.0	32.0	42.0
>>END_MODULE
>>Per tile sequence quality	pass
#Tile	Base	Mean
1101	1	0.0457034810788528
1101	2	0.01740371099045035
1101	3	0.027178320308060222
1101	4	0.006783064484793044
1101	5	-0.00580031289463534
1101	6	0.02336903522449063
1101	7	-0.054899632273361476
1101	8	-0.039596654089685046
1101	9	-0.004992611983894335
1101	10-11	-0.06237860809198992
1101	12-13	-0.016657825922855807
1101	14-15	-0.010972380183616792
1101	16-17	-0.12506804187556497
1101	18-19	-0.1515208198147846
1101	20-21	-0.1839467754072146
1101	22-23	-0.09263814132567916
1101	24-25	-0.24036363008043793
1101	26-27	-0.1813802008222396
1101	28-29	-0.1344363628955776
1101	30-31	-0.3065585608217063
1101	32-33	-0.20219412628078004
1101	34-35	-0.0881162370461368
1101	36-37	-0.1655120047192966
1101	38-39	-0.21963815298077094
1101	40-41	-0.28405243432615634
1101	42-43	-0.27711536424713756
1101	44-45	-0.19969254038203843
1101	46-47	-0.22625363884587557
1101	48-49	-0.16114149742429618
1101	50-51	-0.11582751543319603
1101	52-53	-0.24176528031141942
1101	54-55	-0.2947875746975086
1101	56-57	-0.33495276218864944
1101	58-59	-0.3563592666393731
1101	60-61	-0.1861396196134919
1101	62-63	-0.24119896282950748
1101	64-65	-0.3667095235798925
1101	66-67	-0.44469712700784214
1101	68-69	-0.8030337555411506
1101	70-71	-0.798000578614932
1101	72-73	-0.7436162178428063
1101	74-75	-0.7939248221895454
1101	76-77	-1.13480237791984
1101	78-79	-1.0995391325651909
1101	80-81	-0.926368605446882
1101	82-83	-1.0278624429492709
1101	84-85	-0.576874303534403
1101	86-87	-0.9485054232332075
1101	88-89	-0.7734508468518442
1101	90-91	-1.0491798369834413
1101	92-93	-1.0567846714727906
1101	94-95	-0.751914106145577
1101	96-97	-0.614304253338041
1101	98-99	-0.9951697088766167
1101	100	-0.8609649980295657
1102	1	-0.018720377137348976
1102	2	-0.10987791398412838
1102	3	-0.052374269186991285
1102	4	-0.0991311252151661
1102	5	-0.0050342951126580715
1102	6	-0.006337777105471787
1102	7	0.03230378166211523
1102	8	-0.05832391818307059
1102	9	-0.13957335035404128
1102	10-11	-0.005032709812624603
1102	12-13	-0.05328802760090667
1102	14-15	0.008758513500602305
1102	16-17	-0.015233317287020043
1102	18-19	0.050606666265473166
1102	20-21	-0.030593355092257468
1102	22-23	-0.0381430451345679
1102	24-25	-0.11968522108546154
1102	26-27	-0.15701806531623674
1102	28-29	-0.0797884948424965
1102	30-31	-0.03408334967516424
1102	32-33	-0.09435847666699715
1102	34-35	-0.09005718316684153
1102	36-37	-0.01553677318718627
1102	38-39	-0.05007046976965768
1102	40-41	-0.03705139154428139
1102	42-43	-0.013443062049525167
1102	44-45	-0.0524148294369553
1102	46-47	-0.014023363923676868
1102	48-49	-0.05479711223391348
1102	50-51	-0.05025361126551786
1102	52-53	-0.12463917685249726
1102	54-55	-0.22435731805037307
1102	56-57	-0.10868180582239972
1102	58-59	-0.15683744616477924
1102	60-61	-0.2492543045149347
1102	62-63	-0.08668047719437766
1102	64-65	-0.1031384297429625
1102	66-67	-0.21220029756359793
1102	68-69	-0.15645074286084082
1102	70-71	-0.1196292369853893
1102	72-73	-0.14813191545141535
1102	74-75	-0.18143331817574193
1102	76-77	-0.38842396441605587
1102	78-79	-0.28512546713412945
1102	80-81	-0.4826207879020572
1102	82-83	-0.2466275222755243
1102	84-85	-0.3328759653181237
1102	86-87	-0.36653684387242436
1102	88-89	-0.4701714501400076
1102	90-91	-0.374452595913759
1102	92-93	-0.3646188341390868
1102	94-95	-0.36624082112363965
1102	96-97	-0.2740866829430644
1102	98-99	-0.39815822748360574
1102	100	-0.4851471169585011
1103	1	-0.09706034372539918
1103	2	-0.03351072648412767
1103	3	0.05547692479885313
1103	4	0.02473016605841849
1103	5	-0.06254522769913962
1103	6	-0.05009084805673325
1103	7	0.05283493339167222
1103	8	0.011994723719446654
1103	9	-0.032077772523855685
1103	10-11	-0.04244672317740594
1103	12-13	0.06766261607048563
1103	14-15	0.06885027352418405
1103	16-17	0.0016219057868767095
1103	18-19	0.004912447024118194
1103	20-21	-0.027704511243989316
1103	22-23	-0.031091833951393255
1103	24-25	-0.04350075518530616
1103	26-27	-0.026016505272998813
1103	28-29	-0.1202464350940744
1103	30-31	-0.03428941050456302
1103	32-33	-0.015016151588383764
1103	34-35	-0.013273267581141113
1103	36-37	0.028562393970830158
1103	38-39	0.024005173901734622
1103	40-41	-0.16618335646172966
1103	42-43	-0.20788064803615924
1103	44-45	-0.18462081656353035
1103	46-47	-0.1696441260109367
1103	48-49	-0.12206353568123518
1103	50-51	-0.10424676918611908
1103	52-53	-0.22556138351522748
1103	54-55	-0.15138322459519316
1103	56-57	-0.09785209621155389
1103	58-59	-0.09961395461603928
1103	60-61	0.04197751545362394
1103	62-63	-0.057561717367335063
1103	64-65	-0.15397127172409597
1103	66-67	-0.11576505778371882
1103	68-69	-0.134067807522797
1103	70-71	-0.15454687407265766
1103	72-73	-0.08165841161886078
1103	74-75	-0.0340356422716539
1103	76-77	-0.07168543748995404
1103	78-79	0.015388917201562435
1103	80-81	-0.06469994474167606
1103	82-83	-0.10018583349800991
1103	84-85	-0.03544880828196284
1103	86-87	0.026387377334337714
1103	88-89	-0.09530257975872303
1103	90-91	-0.015772859278541773
1103	92-93	0.019148117511853968
1103	94-95	0.06739162286220335
1103	96-97	-0.05777901047844125
1103	98-99	-0.10156114857244347
1103	100	0.0740356414927561
1104	1	-0.03686135878241714
1104	2	-0.04218358572996905
1104	3	-0.21084872791563924
1104	4	-0.17833428142564856
1104	5	-0.03474667247866847
1104	6	-0.061189066066020814
1104	7	-0.12778557720238837
1104	8	-0.13529659671053906
1104	9	-0.057145502642867996
1104	10-11	-0.09387528015628988
1104	12-13	-0.0634520890292336
1104	14-15	-0.04693945149386991
1104	16-17	-0.15557690914999966
1104	18-19	-0.09020633063591532
1104	20-21	-0.06994690823662353
1104	22-23	-0.1336975129720912
1104	24-25	-0.054370831427398514
1104	26-27	-0.14807357616515304
1104	28-29	-0.0960117348650158
1104	30-31	-0.16879764840884803
1104	32-33	-0.04975670360636286
1104	34-35	-0.03457463801704819
1104	36-37	-0.04513213327216192
1104	38-39	-0.01727317276755258
1104	40-41	-0.06721750998696052
1104	42-43	-0.10282344798605436
1104	44-45	-0.08242451378772131
1104	46-47	-0.04796600921947203
1104	48-49	0.0024737082981332037
1104	50-51	-0.013232520379659718
1104	52-53	-0.05826465848628004
1104	54-55	-0.12478180700885133
1104	56-57	-0.10105446941112461
1104	58-59	-0.03844512766590924
1104	60-61	-0.06064458549498397
1104	62-63	-0.07055716649466603
1104	64-65	-0.14878515200245346
1104	66-67	-0.08428424629831
1104	68-69	0.027907964857320167
1104	70-71	-0.05759818693212537
1104	72-73	-0.04973374124396912
1104	74-75	-0.1256885080998913
1104	76-77	-0.1457250294597543
1104	78-79	-0.11970149433768995
1104	80-81	0.07727773194017118
1104	82-83	0.053384630140136835
1104	84-85	0.007955062021672177
1104	86-87	0.022348502152269134
1104	88-89	0.14341483606296634
1104	90-91	0.04851189354737073
1104	92-93	0.11765939704700656
1104	94-95	-0.025021835474241527
1104	96-97	-0.03649631348144311
1104	98-99	0.17401647827466604
1104	100	0.1503843208915967
1105	1	0.028923012252860758
1105	2	9.010715231170252E-4
1105	3	0.008871116374940868
1105	4	-0.002991188108246945
1105	5	0.009801635978398338
1105	6	0.04574635378505576
1105	7	-0.01841544402378048
1105	8	-0.07313831522982639
1105	9	-0.005993457910328459
1105	10-11	0.010722434431293948
1105	12-13	0.08280499605236713
1105	14-15	-0.057906501083301976
1105	16-17	0.044451106420936526
1105	18-19	0.03001920842206829
1105	20-21	0.01625934179043753
1105	22-23	0.051481903593895595
1105	24-25	-0.011988309910549333
1105	26-27	-0.04388349462988117
1105	28-29	0.002914796789987406
1105	30-31	-0.06792415725879408
1105	32-33	-0.013091898870996488
1105	34-35	-0.06042930056725737
1105	36-37	-0.07838983466745475
1105	38-39	-0.06854266350769223
1105	40-41	0.012466769972448333
1105	42-43	0.03170169458159222
1105	44-45	0.007062314852532836
1105	46-47	-0.04999233894874067
1105	48-49	0.006396090300043511
1105	50-51	-0.1306760887060392
1105	52-53	-0.04195975496752169
1105	54-55	-0.05764789662114822
1105	56-57	-0.02711335262761594
1105	58-59	-0.10101690223076787
1105	60-61	-0.0018611771792294007
1105	62-63	-0.014366706799705753
1105	64-65	-0.08169205976756899
1105	66-67	-0.04916217432961645
1105	68-69	-0.10049358877279246
1105	70-71	0.008619783158621885
1105	72-73	0.0018134803648308662
1105	74-75	0.005837640488003615
1105	76-77	-0.15714220454913175
1105	78-79	-0.05374335748140879
1105	80-81	0.05741339312064042
1105	82-83	-0.04621094106141044
1105	84-85	0.020718254670939018
1105	86-87	0.0779403004170689
1105	88-89	0.1081835596585492
1105	90-91	-0.08206550722539419
1105	92-93	-0.00831659414273389
1105	94-95	-0.0749803389433481
1105	96-97	0.0553552833772315
1105	98-99	-0.17300301715638255
1105	100	0.030042302875607163
1106	1	-0.009366918682616188
1106	2	-0.14324186606788203
1106	3	-0.041470879931111426
1106	4	-0.08354417112952461
1106	5	-0.07328680570774537
1106	6	-0.20134732439430536
1106	7	-0.1089280932088883
1106	8	-0.0516536760314068
1106	9	-0.08293491403281195
1106	10-11	-0.01951907255831742
1106	12-13	-0.02833957259344544
1106	14-15	-0.06404100815363734
1106	16-17	-0.11488097809046138
1106	18-19	-0.10481138849342386
1106	20-21	-0.06354644889183447
1106	22-23	-0.06187068727394518
1106	24-25	-0.12589369900513248
1106	26-27	-0.028295600032791413
1106	28-29	0.019628615238119096
1106	30-31	0.04239269726609507
1106	32-33	-0.011100582268369408
1106	34-35	-0.21033489974404773
1106	36-37	-0.18744836492852812
1106	38-39	-0.23432777276502037
1106	40-41	-0.22033239047685527
1106	42-43	-0.14694779786565704
1106	44-45	-0.06867525358223503
1106	46-47	-0.0344492716125373
1106	48-49	-0.08586689370356027
1106	50-51	-0.24874747580291512
1106	52-53	-0.16811470614772617
1106	54-55	0.026074215210655893
1106	56-57	0.00297090394887789
1106	58-59	-0.034762045295771316
1106	60-61	-0.10921716632108769
1106	62-63	-0.20135705566258366
1106	64-65	-0.1949540235108813
1106	66-67	-0.25249473930677624
1106	68-69	-0.12362425114444875
1106	70-71	-0.09675373033964263
1106	72-73	-0.014655125477204933
1106	74-75	-0.09418597430683917
1106	76-77	-0.27921318704325415
1106	78-79	-0.08129846758490089
1106	80-81	-0.06818124161353012
1106	82-83	-0.15913478918366053
1106	84-85	-0.036953013379353195
1106	86-87	0.006631293823794238
1106	88-89	0.03578811688600325
1106	90-91	-0.03430934068079239
1106	92-93	0.028093052520411277
1106	94-95	-0.015629736075538858
1106	96-97	-0.024108258122268467
1106	98-99	-0.10352818373891637
1106	100	-0.14731682777314603
1107	1	0.04904016178052473
1107	2	0.0663056805123361
1107	3	-0.03866483855988179
1107	4	0.08330857620794774
1107	5	-0.0071758508180437275
1107	6	0.07071661405272067
1107	7	-0.020684304497677886
1107	8	-0.025953864267847848
1107	9	-0.04336469267004617
1107	10-11	0.055730036687869244
1107	12-13	0.015595785828509179
1107	14-15	0.05454440735635302
1107	16-17	0.14449561216348172
1107	18-19	0.16802175820138388
1107	20-21	0.21143247660655362
1107	22-23	0.15446766563357528
1107	24-25	0.15088345059113806
1107	26-27	0.1396318497426492
1107	28-29	0.12925014908326204
1107	30-31	0.148181068681005
1107	32-33	0.13127836010423266
1107	34-35	0.14049071556965487
1107	36-37	0.1884524639743006
1107	38-39	0.1843254781906225
1107	40-41	0.19315641973321362
1107	42-43	0.13475877105004486
1107	44-45	0.07359454112744146
1107	46-47	-0.006869865533559505
1107	48-49	-0.01185653540952103
1107	50-51	-0.021728329640808397
1107	52-53	0.056428409699108784
1107	54-55	-0.01989485041032424
1107	56-57	-0.0711900084840309
1107	58-59	-0.04524711720800667
1107	60-61	0.005191658273233202
1107	62-63	-0.0012534557941421554
1107	64-65	-0.0284728572151991
1107	66-67	0.09655258087957463
1107	68-69	0.11943570608674747
1107	70-71	0.1486645012289145
1107	72-73	-0.01607973908697602
1107	74-75	-0.06941114762828704
1107	76-77	0.024940933765776663
1107	78-79	-0.16941669031622553
1107	80-81	-0.058238060724384866
1107	82-83	-0.036325653435781646
1107	84-85	-0.025961483999765278
1107	86-87	-0.08708617131426877
1107	88-89	-0.04782379242055157
1107	90-91	0.010811810724334237
1107	92-93	-0.011582305703797147
1107	94-95	0.051309021313144854
1107	96-97	0.08781922689436072
1107	98-99	0.0798429870661721
1107	100	0.07074983432550397
1108	1	0.08435914712387316
1108	2	0.06112814394921173
1108	3	0.13035852418899907
1108	4	0.04932026548627988
1108	5	0.03526835485180868
1108	6	0.12281441586085151
1108	7	0.16193311223997142
1108	8	0.1289692495004786
1108	9	0.11423469991370894
1108	10-11	0.06539859788145463
1108	12-13	0.09251955433352776
1108	14-15	0.10008167794636336
1108	16-17	0.16669762451366665
1108	18-19	0.09194707251589307
1108	20-21	0.12215642991891684
1108	22-23	0.10883091778794096
1108	24-25	0.10951632971715242
1108	26-27	0.1219715320857091
1108	28-29	0.15718805334711305
1108	30-31	0.14893994867605187
1108	32-33	0.10232114662557024
1108	34-35	0.12608242330033193
1108	36-37	0.02947907617159018
1108	38-39	0.13915230109802224
1108	40-41	0.1886708373442616
1108	42-43	0.22119331122800645
1108	44-45	0.25893024883342974
1108	46-47	0.13959851536259293
1108	48-49	0.16543347687707666
1108	50-51	0.11754358058844616
1108	52-53	0.12572954942245929
1108	54-55	0.17504785063720618
1108	56-57	0.1877460367597905
1108	58-59	0.17203433527986078
1108	60-61	0.002911860280008227
1108	62-63	0.08039398762175409
1108	64-65	0.08125522622178494
1108	66-67	0.11995118113327408
1108	68-69	0.14504350156236256
1108	70-71	0.04396299092217504
1108	72-73	0.14121529602928007
1108	74-75	0.1900982535046225
1108	76-77	0.2651988956586635
1108	78-79	0.2842441667214004
1108	80-81	0.27598175771747435
1108	82-83	0.15453636887846045
1108	84-85	0.22168124035848535
1108	86-87	0.2944237142357977
1108	88-89	0.3100327054907339
1108	90-91	0.3077001454912107
1108	92-93	0.3041449224452464
1108	94-95	0.2772329085628158
1108	96-97	0.20082625862522718
1108	98-99	0.24359056903879406
1108	100	0.21916119745610985
1109	1	-0.07443081126554674
1109	2	-0.00973512170805435
1109	3	-0.015500815812103497
1109	4	0.07376820391927907
1109	5	0.025900687112425658
1109	6	0.012945211100493736
1109	7	0.17696477428881963
1109	8	0.04477617461444083
1109	9	0.11476283634480211
1109	10-11	0.05532158739281101
1109	12-13	0.03028258361361935
1109	14-15	0.023506435025836936
1109	16-17	-0.015327740891855512
1109	18-19	-0.10039692659426436
1109	20-21	-0.02672362184675592
1109	22-23	-0.07621263886817076
1109	24-25	-0.017157461306553046
1109	26-27	-0.031227251773387366
1109	28-29	-0.09262927373282537
1109	30-31	-0.12327007286804559
1109	32-33	-0.18572515780791576
1109	34-35	-0.10190971990256514
1109	36-37	-0.15636489455171443
1109	38-39	-0.09049613042206772
1109	40-41	-0.06794325539436841
1109	42-43	-0.011431350309784705
1109	44-45	0.025830479283847296
1109	46-47	-0.034713504797323935
1109	48-49	0.015622436882033242
1109	50-51	0.010189444973917716
1109	52-53	0.021205556077362075
1109	54-55	-0.08340432249004692
1109	56-57	-1.4783959023390025E-4
1109	58-59	-0.01254773656506103
1109	60-61	0.08444787410719101
1109	62-63	0.018530527787291362
1109	64-65	-0.0661551795125419
1109	66-67	-0.025556746855031065
1109	68-69	-0.13544435829769697
1109	70-71	-0.10128301661251271
1109	72-73	-0.0646876438938051
1109	74-75	-0.14697664971895819
1109	76-77	-0.02533843097468491
1109	78-79	-0.27283027659713355
1109	80-81	-0.1347241529614962
1109	82-83	-0.43766532857943474
1109	84-85	-0.3049404860762692
1109	86-87	-0.1611884857299657
1109	88-89	-0.06509946950844636
1109	90-91	-0.18310953687867482
1109	92-93	-0.2875819953776855
1109	94-95	-0.03383067192617517
1109	96-97	-0.14999883384768253
1109	98-99	0.0660748690988413
1109	100	0.033477061932366325
1110	1	0.02356488206939744
1110	2	0.03675759785625843
1110	3	0.06103870589735294
1110	4	0.02174745319947391
1110	5	0.012150040370272563
1110	6	0.12171657738728214
1110	7	0.09468352268405056
1110	8	0.15284897827613264
1110	9	0.06711934487778848
1110	10-11	0.07453340979387946
1110	12-13	0.06662070054395741
1110	14-15	0.07428968840974903
1110	16-17	0.07987963306754864
1110	18-19	0.013140983043484766
1110	20-21	0.049372919254921044
1110	22-23	0.10623221909436609
1110	24-25	0.12436386517352105
1110	26-27	0.12010613371462853
1110	28-29	0.03920664620370928
1110	30-31	0.06891763130681028
1110	32-33	0.0804707566835674
1110	34-35	0.10781774192554394
1110	36-37	0.04226452365279698
1110	38-39	0.09797083342647994
1110	40-41	0.046029110251751604
1110	42-43	0.05074168139407931
1110	44-45	-0.01387401665851229
1110	46-47	0.0034937497553073626
1110	48-49	-0.06763609119762748
1110	50-51	0.022894484761650347
1110	52-53	0.052069480958365943
1110	54-55	-0.07025150282973414
1110	56-57	-0.021493075563711272
1110	58-59	0.08084392445701383
1110	60-61	-0.06041175769107099
1110	62-63	0.03781673656470019
1110	64-65	0.06346525808665149
1110	66-67	0.08765413098655728
1110	68-69	0.14611092362697775
1110	70-71	0.09276772472640005
1110	72-73	0.075878045136335
1110	74-75	0.18319572383057192
1110	76-77	-0.008756008561420003
1110	78-79	0.08763117061907622
1110	80-81	0.15291172171133383
1110	82-83	0.0804975581292311
1110	84-85	-0.04947763936414162
1110	86-87	-6.061995320436608E-4
1110	88-89	0.026853125056099714
1110	90-91	0.05787346449081099
1110	92-93	0.001806020912468398
1110	94-95	-0.030025193605951017
1110	96-97	0.08645489144503671
1110	98-99	0.14235190622722627
1110	100	0.26274540995839857
1111	1	2.3431524358130673E-4
1111	2	-0.01510372358225709
1111	3	0.017718933979992357
1111	4	-0.07751063146889692
1111	5	-0.018375149604615615
1111	6	-0.021308011476065758
1111	7	-0.09593009416392562
1111	8	-0.17683009399904392
1111	9	-0.09793306295499349
1111	10-11	-0.052851247904293075
1111	12-13	-0.08647876335547977
1111	14-15	-0.0949928714109518
1111	16-17	-0.1589317895286655
1111	18-19	-0.11542659124280874
1111	20-21	-0.0483334700751854
1111	22-23	-0.06912551411745937
1111	24-25	-0.0034368690228490095
1111	26-27	0.02758715514082155
1111	28-29	0.02695289186652161
1111	30-31	0.029693284183053947
1111	32-33	0.02395894168609658
1111	34-35	0.061477752799021346
1111	36-37	0.07290898106968768
1111	38-39	0.01959677340670396
1111	40-41	0.06568212938859119
1111	42-43	-0.02563139560370331
1111	44-45	-0.05627686157303913
1111	46-47	0.01940258057680211
1111	48-49	0.04396498695459172
1111	50-51	0.0664467349777027
1111	52-53	-0.03940229946455531
1111	54-55	0.10682708269241914
1111	56-57	0.045974165584922844
1111	58-59	0.008324854579726093
1111	60-61	0.01236576286876101
1111	62-63	-0.05708658141824685
1111	64-65	0.03560865780185196
1111	66-67	0.10554526581167067
1111	68-69	-0.026785044098588173
1111	70-71	-0.0852705476546447
1111	72-73	0.024706828852501417
1111	74-75	-0.03376583973312819
1111	76-77	0.04170642354935694
1111	78-79	0.036967652600750966
1111	80-81	0.048913786115711844
1111	82-83	0.09866909648516753
1111	84-85	-0.01737699150231009
1111	86-87	-0.0382360459915958
1111	88-89	0.01779728413978887
1111	90-91	0.17389607727042744
1111	92-93	0.05594970195879512
1111	94-95	0.031599407014077485
1111	96-97	-0.050180245450881955
1111	98-99	-0.05358565827177131
1111	100	0.06296908892984021
1112	1	-0.10607415389256758
1112	2	-0.03407548971328467
1112	3	-0.16459209856171242
1112	4	0.012483506317956028
1112	5	0.008172706468663193
1112	6	0.025744079452529434
1112	7	-0.01700019303850553
1112	8	0.03135333747143676
1112	9	0.07626580603049149
1112	10-11	-0.039107452744602256
1112	12-13	0.030201383669307802
1112	14-15	0.05983524528694062
1112	16-17	0.029240674030454272
1112	18-19	0.07758358403849996
1112	20-21	-0.03149847441540743
1112	22-23	0.03881340477569495
1112	24-25	0.003721637485320173
1112	26-27	-0.05461290297269272
1112	28-29	-0.06848244981787843
1112	30-31	0.015650395769171155
1112	32-33	0.026781291233760385
1112	34-35	-0.01140953335561079
1112	36-37	-0.13385881154854218
1112	38-39	-0.01716485292877934
1112	40-41	0.18511270215656594
1112	42-43	0.10068932212203663
1112	44-45	0.07121229666240225
1112	46-47	0.12557213271520595
1112	48-49	0.03961803570609845
1112	50-51	0.037772888999612064
1112	52-53	-0.00716803535013355
1112	54-55	-0.08002052380595615
1112	56-57	-0.12817977446374584
1112	58-59	-0.0574470519063226
1112	60-61	-0.2478151305536045
1112	62-63	-0.14449025017353279
1112	64-65	0.06022395212239218
1112	66-67	-0.1466626783525129
1112	68-69	-0.2132160871315989
1112	70-71	-0.013952138076987808
1112	72-73	-0.07706639274372407
1112	74-75	0.027556034628013037
1112	76-77	0.07050165038107536
1112	78-79	-0.010606287265687797
1112	80-81	0.05300341251589202
1112	82-83	0.10704160363125936
1112	84-85	-0.12012503792828255
1112	86-87	-0.13316496176318537
1112	88-89	-0.14633248548559408
1112	90-91	-0.04763497154760188
1112	92-93	-0.1307072710103725
1112	94-95	0.04480667117471171
1112	96-97	-0.021971592120273442
1112	98-99	-0.0581374768732843
1112	100	0.009723162373958871
1113	1	0.10119840356549403
1113	2	0.049259815843441856
1113	3	0.08722095545940078
1113	4	0.043351576491161836
1113	5	-0.0424701932398861
1113	6	-0.11404577453870246
1113	7	-0.18141246318592152
1113	8	-0.009970536444171785
1113	9	-0.13890312292159024
1113	10-11	-0.12320763254436429
1113	12-13	-0.0061970376549922435
1113	14-15	-0.1606440258143209
1113	16-17	-0.10848571610806346
1113	18-19	-0.05632303152778917
1113	20-21	-0.014243824745754807
1113	22-23	-0.0850379716499603
1113	24-25	-0.06343196600000311
1113	26-27	0.062449204982016226
1113	28-29	0.07420584889182891
1113	30-31	-0.01199494076767138
1113	32-33	0.023464467130054345
1113	34-35	0.022386107009509715
1113	36-37	-0.0330362277707934
1113	38-39	-0.03919220726967154
1113	40-41	-0.27798248191870556
1113	42-43	-0.22923778709225928
1113	44-45	-0.1674370797294955
1113	46-47	-0.08530291077534002
1113	48-49	-0.027302537189108023
1113	50-51	-0.019273286249031685
1113	52-53	-0.0034562349832043537
1113	54-55	0.06554956628404796
1113	56-57	0.005425481794361531
1113	58-59	-0.07598189567956126
1113	60-61	-0.07581391453828701
1113	62-63	0.009992274993578576
1113	64-65	0.0032035832940096043
1113	66-67	-0.05529164127186448
1113	68-69	-0.11394886170791807
1113	70-71	-0.2138156262682287
1113	72-73	-0.1231559311854653
1113	74-75	-0.24416023330064007
1113	76-77	-0.15248794170247493
1113	78-79	-0.022039433793068497
1113	80-81	-0.11825994625996827
1113	82-83	-0.08174158956968114
1113	84-85	0.07902812374325663
1113	86-87	0.04212624450322977
1113	88-89	1.4889689085606506E-4
1113	90-91	-0.1074705988112612
1113	92-93	-0.0029852710455884335
1113	94-95	-0.18522453569797648
1113	96-97	-0.11955894332384531
1113	98-99	-0.12650403124874288
1113	100	-0.3532908509723498
1114	1	-0.17116001025266314
1114	2	-0.10832056353970643
1114	3	-0.20488005058626868
1114	4	-0.0018253703380182174
1114	5	0.016037760900061926
1114	6	-0.11490269616980697
1114	7	-0.06261026129273262
1114	8	-0.11943549121988184
1114	9	-0.04596226175036122
1114	10-11	-0.03771993831023224
1114	12-13	-0.16729082141390705
1114	14-15	-0.1534405628416664
1114	16-17	-0.10763021684432772
1114	18-19	-0.013638509973972646
1114	20-21	-0.1334187867873382
1114	22-23	-0.09169111640763106
1114	24-25	-0.08471664230548015
1114	26-27	-0.06167142828714134
1114	28-29	-0.08496199236961388
1114	30-31	-0.00898716182628334
1114	32-33	-0.2782239228919394
1114	34-35	-0.37347478588079497
1114	36-37	-0.127364525057871
1114	38-39	-0.09532513614832538
1114	40-41	-0.016276453209400188
1114	42-43	0.029384330343511067
1114	44-45	-0.004072740975850309
1114	46-47	-0.05107952464116039
1114	48-49	-0.10105536290740247
1114	50-51	-0.1606077138252715
1114	52-53	-0.13230066444221222
1114	54-55	-0.028788930185726258
1114	56-57	-0.16984227362934234
1114	58-59	-0.1271625457444472
1114	60-61	-0.22974350503224628
1114	62-63	-0.3105514830157432
1114	64-65	-0.22841757746412839
1114	66-67	-0.25519438559506114
1114	68-69	-0.05604736885868533
1114	70-71	-0.04434550206720189
1114	72-73	-0.1309952161557817
1114	74-75	-0.04621052781107693
1114	76-77	-0.15198931393495485
1114	78-79	-0.08496078931277395
1114	80-81	-0.18477991499909763
1114	82-83	-0.20342236331393337
1114	84-85	-0.1823561978161905
1114	86-87	-0.1427436751489921
1114	88-89	-0.10326269547547895
1114	90-91	-0.032749188488068626
1114	92-93	0.005197132698363305
1114	94-95	-0.1834215875423908
1114	96-97	-0.1637152630766252
1114	98-99	-0.1402671052428346
1114	100	-0.29748034280577684
1115	1	-0.004315357062353087
1115	2	0.1697588736468454
1115	3	0.1223814887124135
1115	4	0.09425048494737354
1115	5	0.06223562598569288
1115	6	0.04592371378041804
1115	7	-0.0018364943811306489
1115	8	0.1506194302266053
1115	9	0.11110231228958867
1115	10-11	0.127218395497529
1115	12-13	0.06883835938603511
1115	14-15	0.07117043927776479
1115	16-17	0.12493429697490654
1115	18-19	0.037698355474311995
1115	20-21	0.06387313009178541
1115	22-23	0.06209105851043262
1115	24-25	0.10085570934398902
1115	26-27	0.054527302527120014
1115	28-29	0.06873660221745581
1115	30-31	0.040602888103443036
1115	32-33	0.1165496527018064
1115	34-35	0.1676432212261929
1115	36-37	0.13696299024047676
1115	38-39	0.12230508665249573
1115	40-41	0.05796163349562278
1115	42-43	0.030786647377361476
1115	44-45	0.07967666488851677
1115	46-47	0.10030112110204925
1115	48-49	0.1160600742208544
1115	50-51	0.10558979572971339
1115	52-53	0.14489103720177354
1115	54-55	0.20298706105121767
1115	56-57	0.26102108343401653
1115	58-59	0.1877608866582392
1115	60-61	0.14976316185664018
1115	62-63	0.2593539024416316
1115	64-65	0.22218642777118447
1115	66-67	0.19262494429268884
1115	68-69	0.19296156072886106
1115	70-71	0.25579207272727444
1115	72-73	0.14437384214662785
1115	74-75	0.22628080590589406
1115	76-77	0.42221343026656655
1115	78-79	0.3227977522346279
1115	80-81	0.20404231862721645
1115	82-83	0.2723540800314126
1115	84-85	0.29855271209083867
1115	86-87	0.2926331920664751
1115	88-89	0.3119879846459881
1115	90-91	0.30774220668747176
1115	92-93	0.37956336995563333
1115	94-95	0.3090699776651036
1115	96-97	0.17085280125089497
1115	98-99	0.21989755828211344
1115	100	0.2613032181203465
1116	1	-0.0325973360991938
1116	2	-0.16619479778080049
1116	3	-0.24901924982965085
1116	4	-0.22890798078786645
1116	5	-0.09061107961332482
1116	6	-0.161012638088863
1116	7	-0.06110520379280615
1116	8	-0.0918590688462757
1116	9	-0.05098085099599814
1116	10-11	-0.045289875221719456
1116	12-13	-0.15895282981544057
1116	14-15	-0.0630966106541635
1116	16-17	-0.09048654456280758
1116	18-19	-0.05269880522048709
1116	20-21	-0.05241346790219126
1116	22-23	-0.10345062258223692
1116	24-25	-0.10019728517941218
1116	26-27	-0.0749627049374908
1116	28-29	-0.08355013115083665
1116	30-31	0.05983438563253429
1116	32-33	-0.14402311350097108
1116	34-35	-0.17596934683662369
1116	36-37	-0.04605190530325842
1116	38-39	-0.054028281173437165
1116	40-41	-0.08673791832742239
1116	42-43	-0.09362537434875406
1116	44-45	-0.11732697609774334
1116	46-47	-0.10158774437890372
1116	48-49	-0.1715954683776033
1116	50-51	-0.013856992728847217
1116	52-53	0.01899763439254798
1116	54-55	0.06331171236502087
1116	56-57	0.031711206439439366
1116	58-59	-0.023518493899359783
1116	60-61	-0.0928182799546633
1116	62-63	-0.06709708853605889
1116	64-65	0.06306996540805443
1116	66-67	0.009084135612226873
1116	68-69	-0.04637471009418448
1116	70-71	0.07999777199755442
1116	72-73	0.09876848489118117
1116	74-75	0.08887968020638937
1116	76-77	0.11718287458475629
1116	78-79	0.05919784378023962
1116	80-81	0.11745882521441331
1116	82-83	0.16372309389854678
1116	84-85	0.005191992560625636
1116	86-87	0.06794517797518296
1116	88-89	-0.11230637082501005
1116	90-91	0.13523044310892374
1116	92-93	0.020381946354760316
1116	94-95	0.07812087207341278
1116	96-97	0.05345289522812635
1116	98-99	0.15024291348227337
1116	100	0.22625356407839803
1117	1	0.07005414856714864
1117	2	0.10339763346112818
1117	3	0.14649108664335841
1117	4	0.04065972750194646
1117	5	0.03688365393983872
1117	6	0.10381844080468028
1117	7	-0.089820326164606
1117	8	0.01267415310380926
1117	9	0.04576885276427589
1117	10-11	-0.015384649368336056
1117	12-13	-0.02881481832012156
1117	14-15	-0.05144223001740045
1117	16-17	0.06165363750268682
1117	18-19	0.02902628127186091
1117	20-21	0.036644710957567384
1117	22-23	0.053614420700696996
1117	24-25	0.017425846182106852
1117	26-27	0.05974746073377446
1117	28-29	-0.004554204974979825
1117	30-31	0.00570851481597856
1117	32-33	0.1368798728305478
1117	34-35	0.044830869322183275
1117	36-37	0.0869108403248049
1117	38-39	0.027898705703982785
1117	40-41	0.059106479634841946
1117	42-43	0.09822549376536216
1117	44-45	0.11831924433375463
1117	46-47	0.047544180600425534
1117	48-49	0.05178554245576805
1117	50-51	0.07464430526523813
1117	52-53	0.1152513318312458
1117	54-55	0.12326458637412685
1117	56-57	0.0831664063275781
1117	58-59	0.10640835587906139
1117	60-61	0.23169685971985388
1117	62-63	0.129208580726214
1117	64-65	0.09548953671809102
1117	66-67	0.14193624239875646
1117	68-69	0.2544775983190277
1117	70-71	0.1972266767280999
1117	72-73	0.24758115645763468
1117	74-75	0.207638665318143
1117	76-77	0.4173245014627014
1117	78-79	0.25079624843596093
1117	80-81	0.0993582783422653
1117	82-83	0.3062334235791653
1117	84-85	0.14641530434049344
1117	86-87	0.1895858840153295
1117	88-89	0.1771392054110308
1117	90-91	0.12034877321281812
1117	92-93	0.18029113458349855
1117	94-95	0.1276266956748202
1117	96-97	0.08222960713224836
1117	98-99	0.1834248689133915
1117	100	0.109586455757551
1118	1	0.019435436086489233
1118	2	0.047457340783875424
1118	3	0.0700309492111586
1118	4	0.006594161545415034
1118	5	0.05892155082882766
1118	6	-0.0011819497830529713
1118	7	0.05199219303442959
1118	8	0.013989083211569664
1118	9	0.07667398434349337
1118	10-11	0.05046224144210498
1118	12-13	-0.019248453454018488
1118	14-15	0.04887481221678058
1118	16-17	0.03468601031826779
1118	18-19	0.024644471936049683
1118	20-21	0.009973496668585824
1118	22-23	0.02372863106990053
1118	24-25	0.02245469062164318
1118	26-27	-0.003027502187734399
1118	28-29	-0.05209747646422613
1118	30-31	-0.020023151883314938
1118	32-33	0.02312175063786981
1118	34-35	0.09288315792026935
1118	36-37	-0.006247027619508572
1118	38-39	-0.04913413122387311
1118	40-41	-0.032253007912586895
1118	42-43	-0.0012878226154029448
1118	44-45	0.03104153076692029
1118	46-47	7.042231715104208E-6
1118	48-49	0.07656931851656168
1118	50-51	0.09354628203286808
1118	52-53	0.08368977864881799
1118	54-55	0.06647385406057538
1118	56-57	0.0863094620111795
1118	58-59	0.1874983021653236
1118	60-61	0.17033546716868386
1118	62-63	0.1242309656137337
1118	64-65	0.11786395783990855
1118	66-67	0.2505739197639585
1118	68-69	0.23460651560143475
1118	70-71	0.1980367726428156
1118	72-73	0.14903217531567492
1118	74-75	0.263810758967189
1118	76-77	0.24590094367464843
1118	78-79	0.2557013551181768
1118	80-81	0.25809809631415703
1118	82-83	0.3352133339914971
1118	84-85	0.20049552089122358
1118	86-87	0.18910615643013529
1118	88-89	0.1373763714507774
1118	90-91	0.19804245615698335
1118	92-93	0.1301577269090899
1118	94-95	0.14839948836474548
1118	96-97	0.20070423571575446
1118	98-99	0.30043440162355495
1118	100	0.0844980923449512
1119	1	0.0482324727663368
1119	2	-0.04621854984399576
1119	3	0.09901318537988857
1119	4	0.0842127190956603
1119	5	0.03256354890753954
1119	6	0.0884632652645081
1119	7	0.0880436115991543
1119	8	0.06229342508485303
1119	9	-0.01941703915999682
1119	10-11	0.060931025542892314
1119	12-13	0.01940746827356321
1119	14-15	0.008786341562718292
1119	16-17	0.12926295380803765
1119	18-19	0.08761306012963388
1119	20-21	0.08633660380750285
1119	22-23	0.04291598790423734
1119	24-25	0.14286339356992528
1119	26-27	0.06684379740175928
1119	28-29	0.0904241176437921
1119	30-31	0.04807251051045114
1119	32-33	0.06891258493951113
1119	34-35	0.1272273163201305
1119	36-37	0.17037834252882078
1119	38-39	0.11585551356606771
1119	40-41	0.18492555607672045
1119	42-43	0.19458538094353628
1119	44-45	0.11714545727681269
1119	46-47	0.1580928126146688
1119	48-49	0.11218192096881552
1119	50-51	0.15541221540901518
1119	52-53	0.21730744011907177
1119	54-55	0.07220505236222863
1119	56-57	0.11666280803817841
1119	58-59	0.17057240032843168
1119	60-61	0.34464937284302266
1119	62-63	0.28293353290856516
1119	64-65	0.24717763612553512
1119	66-67	0.3073783085988282
1119	68-69	0.3156574396859284
1119	70-71	0.2632578726796524
1119	72-73	0.1607437771212119
1119	74-75	0.22616886259179836
1119	76-77	0.44258929769073063
1119	78-79	0.3483164593275774
1119	80-81	0.29985159779964476
1119	82-83	0.30754578159163515
1119	84-85	0.2620122301120702
1119	86-87	0.270983901186419
1119	88-89	0.1304137449322127
1119	90-91	0.1596073461196994
1119	92-93	0.2925621183747751
1119	94-95	0.198204595780048
1119	96-97	0.24749738505110486
1119	98-99	0.15867494070887034
1119	100	0.20469921786697398
1120	1	0.07984120636560021
1120	2	0.1560924698676267
1120	3	0.15157073942906862
1120	4	0.1310348432175843
1120	5	0.04211002182518797
1120	6	0.07015837896593524
1120	7	0.18167215832549033
1120	8	0.17253965981308994
1120	9	0.11335080333650183
1120	10-11	0.036495461220347636
1120	12-13	0.15478679138897888
1120	14-15	0.18477780754552953
1120	16-17	0.07469779975196644
1120	18-19	0.06980851518055431
1120	20-21	0.086320535548289
1120	22-23	0.14078287521265764
1120	24-25	0.1926577478238798
1120	26-27	0.15730479606924064
1120	28-29	0.2082508349257779
1120	30-31	0.16793512906981078
1120	32-33	0.25975130890962816
1120	34-35	0.26870960670533606
1120	36-37	0.23902289069279448
1120	38-39	0.20408310501110094
1120	40-41	0.26291856150443493
1120	42-43	0.21735741734892855
1120	44-45	0.16400285076149856
1120	46-47	0.22787016372888047
1120	48-49	0.17320944294425544
1120	50-51	0.19441057047925625
1120	52-53	0.2070619761699959
1120	54-55	0.23357696965737773
1120	56-57	0.23951990365401343
1120	58-59	0.2154965242679765
1120	60-61	0.27037990832258174
1120	62-63	0.3097404366283598
1120	64-65	0.3827518731303101
1120	66-67	0.33000838488669615
1120	68-69	0.47328536556208434
1120	70-71	0.3968692708127648
1120	72-73	0.4056672483848587
1120	74-75	0.35032623779535044
1120	76-77	0.46800494501749057
1120	78-79	0.5382198303489005
1120	80-81	0.3935617352301932
1120	82-83	0.4599774935101806
1120	84-85	0.4403394864111192
1120	86-87	0.39795606244560133
1120	88-89	0.4146138598404647
1120	90-91	0.40697981899744207
1120	92-93	0.32762230162006034
1120	94-95	0.33252756604966294
1120	96-97	0.3270068114627378
1120	98-99	0.4313630647486164
1120	100	0.34457156813488155
>>END_MODULE
>>Per sequence quality scores	pass
#Quality	Count
26	1.0
27	59.0
28	750.0
29	3453.0
30	8179.0
31	13867.0
32	20405.0
33	28777.0
34	38530.0
35	51137.0
36	67405.0
37	88618.0
38	119311.0
39	178245.0
40	348298.0
41	1032965.0
>>END_MODULE
>>Per base sequence content	fail
#Base	G	A	T	C
1	25.831799999999998	11.901	15.73955	46.52765
2	25.244299999999996	19.8363	34.2342	20.685200000000002
3	24.843049999999998	23.86865	24.499850000000002	26.78845
4	25.46975	29.082449999999998	18.9195	26.528299999999998
5	25.5222	32.1788	21.49805	20.80095
6	20.5778	34.48515	21.95785	22.9792
7	19.000600000000002	15.956999999999999	41.509	23.5334
8	22.45035	21.41635	27.43555	28.69775
9	21.9952	19.46215	30.387449999999998	28.1552
10-11	24.152775000000002	29.576	21.15375	25.117475
12-13	23.596425	22.89925	27.981075	25.523249999999997
14-15	23.526075	25.074275	26.579124999999998	24.820525
16-17	24.759975	24.9011	25.362249999999996	24.976675
18-19	24.468999999999998	25.14605	25.222099999999998	25.16285
20-21	24.56415	25.301325000000002	25.244100000000003	24.890425
22-23	24.4669	25.639650000000003	25.244425	24.649024999999998
24-25	24.384062917064824	25.759298623539195	25.181102078717338	24.675536380678643
26-27	24.384349999999998	25.75985	25.225900000000003	24.6299
28-29	24.488725	25.3585	25.3514	24.801375
30-31	24.27995	25.477175000000003	25.453300000000002	24.789575
32-33	24.27345	25.729499999999998	25.428325	24.568725
34-35	24.539250000000003	25.527749999999997	25.264049999999997	24.668950000000002
36-37	24.3841	25.526975	25.384325	24.7046
38-39	24.46441834831376	25.551194163395625	25.382219036664278	24.602168451626337
40-41	24.536175	25.482474999999997	25.332824999999996	24.648525
42-43	24.3283	25.453500000000002	25.47025	24.74795
44-45	24.495875	25.433099999999996	25.45025	24.620775000000002
46-47	24.551875000000003	25.507524999999998	25.32925	24.61135
48-49	24.416874999999997	25.461425	25.43945	24.68225
50-51	24.453925	25.50435	25.4777	24.564025
52-53	24.5725	25.413925	25.39945	24.614125
54-55	24.456	25.377899999999997	25.5041	24.662
56-57	24.510375	25.472624999999997	25.534225	24.482775
58-59	24.515825	25.519550000000002	25.421899999999997	24.542725
60-61	24.40685	25.464825	25.51125	24.617075
62-63	24.448875	25.48445	25.557075	24.509600000000002
64-65	24.490825	25.483974999999997	25.481025000000002	24.544175
66-67	24.479025	25.385324999999998	25.526075	24.609575
68-69	24.439975	25.5571	25.550875	24.45205
70-71	24.5179	25.47385	25.475125	24.533125
72-73	24.462500000000002	25.38505	25.576300000000003	24.57615
74-75	24.46485	25.499375	25.585175	24.4506
76-77	24.512999999999998	25.538975000000004	25.499624999999998	24.4484
78-79	24.394625	25.40205	25.605	24.598325
80-81	24.469875	25.465875	25.661974999999998	24.402275
82-83	24.472425	25.487125	25.589450000000003	24.451
84-85	24.3453	25.503749999999997	25.628675	24.522275
86-87	24.4251	25.489375	25.639450000000004	24.446075
88-89	24.522	25.520500000000002	25.544475	24.413024999999998
90-91	24.42065	25.483825	25.585425	24.5101
92-93	24.53535	25.496475	25.64435	24.323825
94-95	24.59455	25.512800000000002	25.505024999999996	24.387625
96-97	24.534075	25.460874999999998	25.588624999999997	24.416425
98-99	24.572725000000002	25.622600000000002	25.452475000000003	24.3522
100	24.57855	25.51115	25.418249999999997	24.492050000000003
>>END_MODULE
>>Per sequence GC content	warn
#GC Content	Count
0	90.0
1	59.0
2	17.5
3	7.5
4	10.0
5	9.5
6	7.0
7	6.0
8	9.5
9	25.0
10	34.5
11	28.0
12	32.0
13	52.0
14	68.5
15	81.5
16	133.0
17	199.0
18	276.0
19	415.0
20	614.0
21	776.5
22	1009.0
23	1382.5
24	1815.0
25	2382.0
26	2985.5
27	3717.0
28	4680.0
29	5818.0
30	7171.5
31	8616.5
32	10040.5
33	11724.0
34	13562.0
35	15698.0
36	18370.0
37	21483.5
38	25227.5
39	29438.0
40	34369.5
41	40526.0
42	47118.0
43	55018.0
44	64154.0
45	73906.0
46	83988.5
47	93787.5
48	102791.0
49	111155.0
50	117086.5
51	118618.0
52	117594.0
53	114709.0
54	108540.0
55	98748.0
56	87580.0
57	75800.5
58	63857.5
59	52804.5
60	42102.0
61	32344.0
62	24357.0
63	17319.0
64	11662.0
65	7696.5
66	4965.5
67	3188.5
68	2017.0
69	1262.5
70	834.0
71	560.0
72	393.5
73	307.0
74	253.5
75	186.5
76	127.0
77	79.5
78	80.0
79	58.0
80	17.5
81	4.0
82	1.5
83	1.0
84	0.5
85	1.0
86	0.5
87	0.0
88	0.0
89	0.0
90	0.0
91	0.0
92	0.0
93	0.0
94	0.0
95	0.5
96	0.5
97	0.0
98	0.0
99	0.0
100	1.0
>>END_MODULE
>>Per base N content	pass
#Base	N-Count
1	0.0
2	0.0
3	0.0
4	0.0
5	0.0
6	0.0
7	0.0
8	0.0
9	0.0
10-11	0.0
12-13	0.0
14-15	0.0
16-17	0.0
18-19	0.0
20-21	0.0
22-23	0.0
24-25	0.00805
26-27	0.0
28-29	0.0
30-31	0.0
32-33	0.0
34-35	0.0
36-37	0.0
38-39	7.500000000000001E-5
40-41	0.0
42-43	0.0
44-45	0.0
46-47	0.0
48-49	0.0
50-51	0.0
52-53	0.0
54-55	0.0
56-57	0.0
58-59	0.0
60-61	0.0
62-63	0.0
64-65	0.0
66-67	0.0
68-69	0.0
70-71	0.0
72-73	0.0
74-75	0.0
76-77	0.0
78-79	0.0
80-81	0.0
82-83	0.0
84-85	0.0
86-87	0.0
88-89	0.0
90-91	0.0
92-93	0.0
94-95	0.0
96-97	0.0
98-99	0.0
100	0.0
>>END_MODULE
>>Sequence Length Distribution	pass
#Length	Count
100	2000000.0
>>END_MODULE
>>Sequence Duplication Levels	pass
#Total Deduplicated Percentage	81.49392280928502
#Duplication Level	Percentage of deduplicated	Percentage of total
1	87.63383321856645	71.41624839795611
2	8.788287554161101	14.3238405512921
3	1.8008993274159204	4.40287052327179
4	0.6498663601608321	2.118406359651915
5	0.33912694600638066	1.381839258019628
6	0.2055817988025625	1.0052200345565996
7	0.13615593608389714	0.7767116941672942
8	0.09687115978934878	0.6315528654655284
9	0.07585722017800725	0.5563712201142115
>10	0.27212819525370124	3.317197624000228
>50	0.001392283581794258	0.06974147150460176
>100	0.0	0.0
>500	0.0	0.0
>1k	0.0	0.0
>5k	0.0	0.0
>10k+	0.0	0.0
>>END_MODULE
>>Overrepresented sequences	pass
>>END_MODULE
>>Adapter Content	pass
#Position	Illumina Universal Adapter	Illumina Small RNA 3' Adapter	Illumina Small RNA 5' Adapter	Nextera Transposase Sequence	SOLID Small RNA Adapter
1	0.0	0.0	0.0	0.0	0.0
2	0.0	0.0	0.0	0.0	0.0
3	0.0	0.0	0.0	0.0	0.0
4	0.0	0.0	0.0	5.0E-5	0.0
5	0.0	0.0	0.0	5.0E-5	5.0E-5
6	0.0	0.0	0.0	5.0E-5	5.0E-5
7	0.0	0.0	0.0	5.0E-5	5.0E-5
8	0.0	0.0	0.0	5.0E-5	5.0E-5
9	0.0	0.0	0.0	5.0E-5	5.0E-5
10-11	0.0	0.0	0.0	5.0E-5	7.500000000000001E-5
12-13	0.0	0.0	0.0	5.0E-5	1.0E-4
14-15	0.0	0.0	0.0	5.0E-5	1.0E-4
16-17	0.0	0.0	0.0	5.0E-5	1.0E-4
18-19	0.0	0.0	0.0	5.0E-5	1.0E-4
20-21	0.0	0.0	0.0	5.0E-5	1.5E-4
22-23	0.0	0.0	0.0	5.0E-5	1.5E-4
24-25	0.0	0.0	0.0	5.0E-5	1.5E-4
26-27	0.0	0.0	0.0	5.0E-5	1.5E-4
28-29	0.0	0.0	1.0E-4	5.0E-5	1.5E-4
30-31	0.0	0.0	1.0E-4	5.0E-5	2.25E-4
32-33	0.0	0.0	1.0E-4	5.0E-5	2.5E-4
34-35	0.0	0.0	1.0E-4	5.0E-5	2.5E-4
36-37	0.0	0.0	1.0E-4	5.0E-5	2.5E-4
38-39	0.0	0.0	1.0E-4	5.0E-5	2.5E-4
40-41	0.0	0.0	1.0E-4	5.0E-5	4.2500000000000003E-4
42-43	0.0	0.0	1.25E-4	5.0E-5	6.25E-4
44-45	0.0	0.0	1.5E-4	5.0E-5	7.0E-4
46-47	0.0	0.0	1.5E-4	9.999999999999999E-5	7.999999999999999E-4
48-49	0.0	0.0	1.5E-4	1.5E-4	0.0012
50-51	0.0	0.0	1.5E-4	2.0E-4	0.0012
52-53	0.0	0.0	1.5E-4	2.25E-4	0.0012
54-55	0.0	0.0	1.5E-4	2.5E-4	0.00125
56-57	0.0	0.0	1.5E-4	2.5E-4	0.001375
58-59	0.0	0.0	1.5E-4	2.5E-4	0.0015999999999999999
60-61	0.0	0.0	1.5E-4	2.5E-4	0.0017499999999999998
62-63	0.0	0.0	1.5E-4	2.5E-4	0.002175
64-65	0.0	0.0	1.5E-4	2.5E-4	0.0022
66-67	0.0	0.0	1.5E-4	2.5E-4	0.0022
68-69	0.0	0.0	1.5E-4	2.5E-4	0.002225
70-71	0.0	0.0	1.5E-4	2.5E-4	0.0023
72-73	0.0	0.0	1.5E-4	3.0E-4	0.0023
74-75	0.0	0.0	1.5E-4	3.0E-4	0.0025
76-77	0.0	0.0	1.5E-4	3.0E-4	0.0027749999999999997
78-79	0.0	0.0	1.5E-4	3.0E-4	0.002875
80-81	0.0	0.0	1.5E-4	3.0E-4	0.003475
82-83	0.0	0.0	2.5E-4	3.0E-4	0.00355
84-85	0.0085	0.0	2.5E-4	3.0E-4	0.0038
86-87	0.045399999999999996	0.0	2.5E-4	3.0E-4	0.0039
88-89	0.0912	0.0	2.7499999999999996E-4	3.5E-4	0.003925
>>END_MODULE
